61500 300
408 508
921 1021
1329 1321
11 111
998 1098
1009 1196
104 204
839 939
943 1107
299 399
374 474
673 719
703 803
954 1054
1657 1781
425 525
950 1050
1375 1362
430 530
541 641
971 903
332 432
483 583
815 894
654 754
706 806
1360 1241
956 1056
992 1092
1948 1545
228 328
435 535
663 579
575 675
687 787
1262 1037
470 570
609 709
1079 1171
696 796
907 1007
1603 1251
273 373
961 1061
1234 1101
281 381
461 561
742 774
54 154
957 1057
1011 1198
149 249
258 358
407 446
28 128
90 190
118 288
245 345
949 1049
1194 1053
246 346
298 398
544 622
205 305
546 646
751 930
33 133
712 812
745 892
335 435
956 1056
1291 1406
163 263
918 1018
1081 1192
79 179
671 771
750 802
972 1072
991 1091
1963 1418
217 317
962 1062
1179 1092
380 480
846 946
1226 1064
158 258
671 771
829 846
39 139
701 801
740 888
258 358
577 677
835 679
5 105
682 782
687 862
300 400
364 464
664 747
105 205
946 1046
1051 1133
68 168
675 775
743 839
450 550
465 565
915 727
686 786
697 797
1383 1098
355 455
367 467
722 623
106 206
131 231
237 232
296 396
868 968
1164 1064
621 721
807 907
1428 1406
283 383
428 528
711 636
230 330
573 673
803 719
359 459
772 872
1131 1316
270 370
642 742
912 846
134 234
507 607
641 737
21 121
242 342
263 372
236 336
705 805
941 1090
469 569
785 885
1254 1245
196 296
349 449
545 729
405 505
985 1085
1390 1364
865 965
988 1088
1853 1510
355 455
405 505
760 758
460 560
939 1039
1399 1363
142 242
408 508
550 642
291 391
436 536
727 855
644 744
922 1022
1566 1231
432 532
890 990
1322 992
352 452
885 985
1237 1021
139 239
269 369
408 450
10 110
137 237
147 264
593 693
601 701
1194 1176
724 824
764 864
1488 1288
672 772
900 1000
1572 1062
892 992
981 1081
1873 1395
597 697
641 741
1238 899
810 910
996 1096
1806 1919
459 559
816 916
1275 1296
416 516
872 972
1288 1077
310 410
945 1045
1255 1302
283 383
674 774
957 809
180 280
697 797
877 927
112 212
629 729
741 923
559 659
869 969
1428 1065
79 179
802 902
881 1010
164 264
192 292
356 441
323 423
340 440
663 450
333 433
464 564
797 826
472 572
496 596
968 1057
234 334
914 1014
1148 1148
285 385
691 791
976 1019
401 501
513 613
914 625
599 699
755 855
1354 1289
391 491
928 1028
1319 1381
244 344
502 602
746 609
541 641
837 937
1378 1311
208 308
970 1070
1178 1215
107 207
449 549
556 592
705 805
887 987
1592 1133
468 568
802 902
1270 952
444 544
683 783
1127 1111
222 322
958 1058
1180 1106
18 118
24 124
42 206
153 253
540 640
693 756
54 154
633 733
687 879
853 953
903 1003
1756 1510
399 499
452 552
851 883
108 208
161 261
269 437
328 428
431 531
759 728