434677 2100
351 451
462 562
813 633
53 153
593 693
646 825
627 727
980 1080
1607 1154
274 374
699 799
973 1155
870 970
956 1056
1826 1648
158 258
325 425
483 428
165 265
205 305
370 508
395 495
727 827
1122 921
150 250
890 990
1040 1031
235 335
916 1016
1151 1226
578 678
845 945
1423 1444
859 959
957 1057
1816 1913
66 166
76 176
142 214
308 408
766 866
1074 990
227 327
551 651
778 729
500 600
618 718
1118 1192
250 350
265 365
515 515
76 176
665 765
741 891
115 215
720 820
835 957
315 415
377 477
692 556
474 574
818 918
1292 1490
773 873
874 974
1647 1212
706 806
952 1052
1658 1767
332 432
423 523
755 859
664 764
983 1083
1647 1222
496 596
897 997
1393 1453
54 154
607 707
661 769
34 134
368 468
402 505
442 542
623 723
1065 844
58 158
382 482
440 556
165 265
814 914
979 1003
439 539
737 837
1176 865
527 627
810 910
1337 1112
14 114
730 830
744 879
81 181
997 1097
1078 1229
447 547
712 812
1159 1216
126 226
766 866
892 929
254 354
878 978
1132 1317
3 103
910 1010
913 1110
75 175
233 333
308 458
515 615
821 921
1336 1331
465 565
543 643
1008 847
41 141
939 1039
980 1160
489 589
751 851
1240 1388
455 555
803 903
1258 1409
155 255
189 289
344 382
24 124
697 797
721 892
16 116
562 662
578 733
287 387
386 486
673 684
95 195
993 1093
1088 1253
727 827
916 1016
1643 1211
242 342
250 350
492 594
275 375
791 891
1066 1194
362 462
857 957
1219 1128
693 793
797 897
1490 1641
362 462
761 861
1123 1252
402 502
514 614
916 764
806 906
967 1067
1773 1430
53 153
629 729
682 865
78 178
363 463
441 572
83 183
342 442
425 589
82 182
751 851
833 1007
492 592
983 1083
1475 1453
916 1016
976 1076
1892 1370
578 678
785 885
1363 1413
124 224
497 597
621 731
325 425
923 1023
1248 1063
160 260
868 968
1028 1072
497 597
518 618
1015 682
904 1004
963 1063
1867 1079
150 250
291 391
441 490
280 380
875 975
1155 1106
571 671
758 858
1329 1328
550 650
752 852
1302 1470
427 527
942 1042
1369 1053
7 107
486 586
493 639
525 625
739 839
1264 854
353 453
355 455
708 678
172 272
766 866
938 997
3 103
450 550
453 598
767 867
778 878
1545 1123
74 174
261 361
335 391
106 206
195 295
301 313
156 256
788 888
944 1024
664 764
730 830
1394 1588
600 700
972 1072
1572 1696
393 493
482 582
875 974
738 838
759 859
1497 1166
151 251
522 622
673 790
547 647
883 983
1430 1494
123 223
973 1073
1096 1242
248 348
317 417
565 419
465 565
995 1095
1460 1251
15 115
57 157
72 171
142 242
423 523
565 554
509 609
840 940
1349 1255
364 464
748 848
1112 1003
132 232
931 1031
1063 1129
498 598
848 948
1346 1302
51 151
509 609
560 615
180 280
511 611
691 817
458 558
661 761
1119 911
302 402
829 929
1131 1207
681 781
710 810
1391 994
334 434
542 642
876 1034
323 423
735 835
1058 1221
621 721
667 767
1288 1014
502 602
626 726
1128 1031
750 850
785 885
1535 1693
175 275
535 635
710 673
652 752
991 1091
1643 1544
242 342
498 598
740 703
343 443
683 783
1026 1165
359 459
958 1058
1317 1164
235 335
381 481
616 809
31 131
307 407
338 445
280 380
876 976
1156 1251
429 529
630 730
1059 985
298 398
308 408
606 588
334 434
886 986
1220 1384
112 212
745 845
857 890
160 260
844 944
1004 949
361 461
695 795
1056 805
313 413
326 426
639 690
450 550
478 578
928 702
3 103
778 878
781 898
202 302
950 1050
1152 1189
601 701
866 966
1467 1174
441 541
724 824
1165 1062
56 156
928 1028
984 1110
243 343
628 728
871 1013
534 634
891 991
1425 1184
177 277
849 949
1026 1017
252 352
373 473
625 746
265 365
661 761
926 1108
627 727
886 986
1513 1387
501 601
795 895
1296 1144
17 117
211 311
228 350
521 621
984 1084
1505 1102
582 682
810 910
1392 1162
237 337
674 774
911 976
72 172
285 385
357 446
101 201
258 358
359 482
172 272
341 441
513 707
578 678
898 998
1476 1104
609 709
718 818
1327 1217
93 193
767 867
860 983
71 171
732 832
803 920
387 487
915 1015
1302 1489
52 152
676 776
728 795
263 363
979 1079
1242 1194
318 418
854 954
1172 1109
548 648
853 953
1401 1276
763 863
838 938
1601 1640
427 527
910 1010
1337 1292
912 1012
918 1018
1830 1291
249 349
267 367
516 488
213 313
673 773
886 807
72 172
996 1096
1068 1139
220 320
251 351
471 613
226 326
507 607
733 816
506 606
555 655
1061 973
644 744
760 860
1404 1167
164 264
436 536
600 704
571 671
709 809
1280 1197
238 338
882 982
1120 1110
139 239
632 732
771 820
537 637
710 810
1247 1088
775 875
902 1002
1677 1874
247 347
588 688
835 930
275 375
439 539
714 555
240 340
295 395
535 540
543 643
994 1094
1537 1169
230 330
963 1063
1193 1188
241 341
596 696
837 884
87 187
221 321
308 352
137 237
727 827
864 1033
458 558
741 841
1199 1251
449 549
858 958
1307 1173
662 762
962 1062
1624 1400
505 605
745 845
1250 1082
279 379
418 518
697 879
129 229
519 619
648 652
455 555
707 807
1162 843
441 541
875 975
1316 1110
470 570
620 720
1090 1238
548 648
662 762
1210 1185
21 121
455 555
476 593
622 722
735 835
1357 1093
160 260
610 710
770 806
431 531
608 708
1039 749
9 109
846 946
855 1040
16 116
209 309
225 421
109 209
767 867
876 1070
582 682
798 898
1380 1028
709 809
710 810
1419 1221
52 152
84 184
136 294
217 317
728 828
945 983
113 213
169 269
282 325
388 488
587 687
975 983
122 222
521 621
643 805
13 113
310 410
323 496
72 172
618 718
690 826
720 820
788 888
1508 1576
122 222
464 564
586 767
477 577
874 974
1351 1269
220 320
350 450
570 731
440 540
843 943
1283 1330
548 648
939 1039
1487 1200
673 773
682 782
1355 1100
577 677
858 958
1435 1064
27 127
818 918
845 999
157 257
704 804
861 1009
81 181
322 422
403 472
170 270
525 625
695 760
358 458
436 536
794 988
178 278
647 747
825 989
466 566
593 693
1059 698
271 371
771 871
1042 896
241 341
786 886
1027 967
394 494
928 1028
1322 1395
930 1030
990 1090
1920 1822
196 296
747 847
943 958
46 146
403 503
449 586
197 297
786 886
983 1139
541 641
980 1080
1521 1517
74 174
726 826
800 867
331 431
393 493
724 860
436 536
667 767
1103 1042
877 977
907 1007
1784 1249
396 496
740 840
1136 1143
11 111
307 407
318 470
150 250
898 998
1048 1029
472 572
931 1031
1403 1223
35 135
174 274
209 341
755 855
877 977
1632 1609
446 546
706 806
1152 1236
62 162
833 933
895 1092
417 517
790 890
1207 1227
184 284
688 788
872 1035
173 273
571 671
744 893
142 242
537 637
679 831
513 613
731 831
1244 1412
426 526
704 804
1130 1060
534 634
583 683
1117 776
482 582
576 676
1058 1114
558 658
686 786
1244 1049
521 621
876 976
1397 1226
122 222
126 226
248 355
649 749
794 894
1443 1370
12 112
772 872
784 975
281 381
353 453
634 470
332 432
512 612
844 1039
301 401
954 1054
1255 1214
19 119
808 908
827 1008
81 181
184 284
265 350
246 346
972 1072
1218 1376
328 428
765 865
1093 1021
145 245
343 443
488 472
342 442
359 459
701 733
360 460
593 693
953 1059
345 445
646 746
991 1084
912 1012
930 1030
1842 1844
15 115
734 834
749 914
153 253
463 563
616 693
529 629
770 870
1299 1314
24 124
820 920
844 944
204 304
638 738
842 955
96 196
787 887
883 1078
736 836
821 921
1557 1568
72 172
680 780
752 832
37 137
480 580
517 589
310 410
495 595
805 718
219 319
520 620
739 754
575 675
859 959
1434 1042
32 132
454 554
486 569
176 276
361 461
537 675
793 893
895 995
1688 1525
144 244
795 895
939 962
130 230
229 329
359 504
479 579
817 917
1296 1197
227 327
895 995
1122 1199
350 450
770 870
1120 1014
180 280
756 856
936 959
36 136
676 776
712 903
166 266
825 925
991 1017
727 827
858 958
1585 1440
6 106
539 639
545 740
339 439
517 617
856 843
683 783
869 969
1552 1653
806 906
901 1001
1707 1219
361 461
668 768
1029 1011
373 473
914 1014
1287 1037
276 376
850 950
1126 1001
713 813
854 954
1567 966
53 153
261 361
314 392
918 1018
933 1033
1851 1890
98 198
609 709
707 766
10 110
120 220
130 277
27 127
832 932
859 996
555 655
631 731
1186 1121
380 480
399 499
779 546
89 189
324 424
413 474
667 767
941 1041
1608 1045
440 540
540 640
980 864
487 587
623 723
1110 749
797 897
854 954
1651 1527
23 123
955 1055
978 1111
711 811
858 958
1569 1327
360 460
951 1051
1311 1186
357 457
746 846
1103 1297
280 380
529 629
809 825
539 639
554 654
1093 821
467 567
478 578
945 1063
689 789
819 919
1508 1090
290 390
676 776
966 821
574 674
611 711
1185 964
208 308
508 608
716 755
451 551
824 924
1275 1261
658 758
871 971
1529 1068
553 653
577 677
1130 999
585 685
738 838
1323 1418
645 745
845 945
1490 1113
694 794
855 955
1549 1074
193 293
743 843
936 1020
198 298
853 953
1051 1089
205 305
739 839
944 1005
199 299
401 501
600 510
48 148
209 309
257 361
481 581
984 1084
1465 1172
122 222
786 886
908 950
184 284
453 553
637 623
428 528
808 908
1236 1162
746 846
951 1051
1697 1086
827 927
874 974
1701 1719
530 630
938 1038
1468 1586
209 309
839 939
1048 1108
453 553
684 784
1137 920
50 150
189 289
239 337
730 830
868 968
1598 1300
616 716
812 912
1428 1335
134 234
966 1066
1100 1116
817 917
932 1032
1749 1170
577 677
906 1006
1483 1591
248 348
510 610
758 926
589 689
707 807
1296 1342
589 689
813 913
1402 1262
711 811
883 983
1594 1472
277 377
543 643
820 682
208 308
746 846
954 973
757 857
804 904
1561 1491
165 265
524 624
689 652
685 785
978 1078
1663 1693
143 243
223 323
366 357
621 721
710 810
1331 1332
646 746
830 930
1476 1533
519 619
749 849
1268 1260
377 477
792 892
1169 1280
343 443
638 738
981 779
209 309
677 777
886 961
122 222
680 780
802 826
528 628
743 843
1271 1303
870 970
915 1015
1785 1639
171 271
491 591
662 685
210 310
464 564
674 703
776 876
975 1075
1751 1381
885 985
940 1040
1825 1958
236 336
251 351
487 586
276 376
811 911
1087 1223
418 518
441 541
859 629
455 555
696 796
1151 1325
341 441
532 632
873 634
255 355
611 711
866 872
219 319
854 954
1073 1082
325 425
338 438
663 626
251 351
792 892
1043 1024
499 599
678 778
1177 1340
521 621
805 905
1326 1010
27 127
235 335
262 427
80 180
848 948
928 1109
705 805
938 1038
1643 1429
396 496
595 695
991 901
48 148
986 1086
1034 1117
555 655
708 808
1263 1377
815 915
873 973
1688 1472
411 511
693 793
1104 1288
306 406
959 1059
1265 1201
137 237
514 614
651 686
447 547
669 769
1116 1229
453 553
816 916
1269 923
135 235
638 738
773 819
197 297
557 657
754 845
86 186
906 1006
992 1094
543 643
887 987
1430 1277
68 168
997 1097
1065 1257
298 398
821 921
1119 1032
245 345
894 994
1139 1117
244 344
367 467
611 688
120 220
175 275
295 357
105 205
416 516
521 701
324 424
621 721
945 1093
237 337
616 716
853 925
854 954
877 977
1731 1584
153 253
714 814
867 907
433 533
899 999
1332 1438
104 204
142 242
246 253
21 121
913 1013
934 1048
570 670
585 685
1155 918
253 353
987 1087
1240 1153
103 203
781 881
884 909
114 214
194 294
308 349
844 944
920 1020
1764 1751
163 263
283 383
446 518
187 287
696 796
883 844
74 174
749 849
823 854
246 346
551 651
797 807
39 139
93 193
132 330
203 303
295 395
498 438
616 716
938 1038
1554 1717
49 149
704 804
753 848
242 342
302 402
544 662
185 285
569 669
754 714
191 291
834 934
1025 1090
65 165
422 522
487 683
905 1005
960 1060
1865 1073
31 131
372 472
403 489
361 461
460 560
821 842
428 528
531 631
959 1048
261 361
546 646
807 915
175 275
240 340
415 410
660 760
662 762
1322 1151
74 174
890 990
964 1155
437 537
730 830
1167 870
472 572
990 1090
1462 1329
253 353
908 1008
1161 1026
585 685
803 903
1388 1046
671 771
688 788
1359 1105
587 687
919 1019
1506 1162
192 292
561 661
753 908
290 390
459 559
749 948
9 109
861 961
870 1026
564 664
580 680
1144 1244
453 553
882 982
1335 1519
683 783
987 1087
1670 1211
45 145
802 902
847 954
339 439
852 952
1191 954
131 231
807 907
938 910
188 288
206 306
394 492
657 757
718 818
1375 1278
8 108
82 182
90 196
76 176
455 555
531 671
83 183
973 1073
1056 1163
482 582
526 626
1008 1200
418 518
656 756
1074 869
254 354
626 726
880 986
504 604
532 632
1036 677
626 726
943 1043
1569 1151
279 379
553 653
832 745
381 481
630 730
1011 1190
808 908
949 1049
1757 1391
296 396
906 1006
1202 1151
539 639
675 775
1214 1224
740 840
744 844
1484 1022
299 399
926 1026
1225 1269
230 330
404 504
634 629
323 423
581 681
904 781
207 307
881 981
1088 1287
101 201
639 739
740 877
571 671
735 835
1306 1462
158 258
415 515
573 627
29 129
395 495
424 513
230 330
671 771
901 921
780 880
933 1033
1713 1756
79 179
561 661
640 791
99 199
505 605
604 711
554 654
624 724
1178 1254
601 701
926 1026
1527 1302
482 582
561 661
1043 1005
386 486
739 839
1125 1274
155 255
358 458
513 472
140 240
575 675
715 874
699 799
980 1080
1679 1758
180 280
789 889
969 1143
600 700
910 1010
1510 1070
43 143
236 336
279 367
583 683
910 1010
1493 1064
403 503
532 632
935 754
719 819
866 966
1585 1412
703 803
887 987
1590 1269
604 704
701 801
1305 1182
51 151
221 321
272 418
13 113
520 620
533 704
141 241
313 413
454 484
581 681
998 1098
1579 1130
666 766
972 1072
1638 1812
471 571
829 929
1300 1245
34 134
943 1043
977 1082
189 289
841 941
1030 1039
299 399
953 1053
1252 1284
603 703
628 728
1231 1233
712 812
987 1087
1699 1697
153 253
161 261
314 401
858 958
859 959
1717 1899
127 227
335 435
462 443
341 441
596 696
937 887
204 304
886 986
1090 1201
218 318
566 666
784 982
212 312
739 839
951 879
223 323
302 402
525 585
200 300
984 1084
1184 1090
18 118
459 559
477 643
650 750
734 834
1384 1205
93 193
367 467
460 517
591 691
741 841
1332 1340
96 196
835 935
931 1078
790 890
968 1068
1758 1147
920 1020
962 1062
1882 1916
708 808
870 970
1578 1582
650 750
729 829
1379 837
223 323
304 404
527 508
178 278
848 948
1026 971
120 220
131 231
251 411
305 405
747 847
1052 919
516 616
572 672
1088 1022
122 222
309 409
431 587
855 955
889 989
1744 1050
192 292
821 921
1013 1147
871 971
993 1093
1864 1672
69 169
513 613
582 630
479 579
782 882
1261 1159
794 894
812 912
1606 1392
102 202
374 474
476 514
361 461
760 860
1121 1078
290 390
998 1098
1288 1357
118 218
626 726
744 826
423 523
482 582
905 900
137 237
742 842
879 902
654 754
919 1019
1573 1093
778 878
888 988
1666 1318
584 684
934 1034
1518 1108
230 330
772 872
1002 1046
389 489
825 925
1214 1146
988 1088
999 1099
1987 2117
15 115
42 142
57 232
96 196
268 368
364 483
806 906
902 1002
1708 1507
448 548
876 976
1324 1261
659 759
868 968
1527 1015
877 977
910 1010
1787 1374
312 412
961 1061
1273 1359
282 382
962 1062
1244 1157
264 364
383 483
647 564
224 324
370 470
594 660
659 759
941 1041
1600 1580
440 540
923 1023
1363 1207
2 102
722 822
724 829
3 103
442 542
445 544
272 372
728 828
1000 1141
314 414
903 1003
1217 1357
129 229
452 552
581 719
552 652
960 1060
1512 1075
439 539
966 1066
1405 1099
257 357
716 816
973 874
142 242
979 1079
1121 1151
59 159
867 967
926 998
149 249
907 1007
1056 1056
659 759
725 825
1384 1499
173 273
760 860
933 949
236 336
711 811
947 868
49 149
888 988
937 1057
223 323
265 365
488 493
441 541
663 763
1104 765
249 349
866 966
1115 1280
173 273
866 966
1039 1193
704 804
798 898
1502 1244
151 251
893 993
1044 1008
235 335
334 434
569 472
462 562
768 868
1230 962
85 185
805 905
890 1059
435 535
487 587
922 1004
15 115
715 815
730 901
324 424
430 530
754 732
544 644
643 743
1187 1246
364 464
972 1072
1336 1135
487 587
833 933
1320 1319
33 133
852 952
885 1004
493 593
500 600
993 822
133 233
220 320
353 385
117 217
389 489
506 495
376 476
952 1052
1328 1243
682 782
801 901
1483 1049
125 225
456 556
581 724
585 685
711 811
1296 1327
454 554
745 845
1199 1179
339 439
375 475
714 857
4 104
886 986
890 1063
101 201
131 231
232 321
222 322
723 823
945 832
81 181
900 1000
981 1123
202 302
818 918
1020 1130
440 540
572 672
1012 986
13 113
19 119
32 147
165 265
647 747
812 804
117 217
812 912
929 947
55 155
203 303
258 379
194 294
597 697
791 966
605 705
642 742
1247 1314
180 280
909 1009
1089 1012
241 341
514 614
755 843
149 249
403 503
552 657
398 498
904 1004
1302 1400
89 189
885 985
974 1097
153 253
990 1090
1143 1330
793 893
938 1038
1731 1524
406 506
834 934
1240 1123
675 775
935 1035
1610 1498
59 159
634 734
693 798
85 185
951 1051
1036 1082
448 548
508 608
956 688
111 211
705 805
816 844
327 427
828 928
1155 1335
288 388
427 527
715 858
775 875
876 976
1651 1040
825 925
933 1033
1758 1103
295 395
470 570
765 951
876 976
877 977
1753 1681
246 346
871 971
1117 1288
88 188
339 439
427 611
327 427
992 1092
1319 1119
74 174
441 541
515 564
201 301
679 779
880 960
412 512
687 787
1099 869
202 302
209 309
411 399
532 632
939 1039
1471 1042
325 425
481 581
806 631
587 687
634 734
1221 830
625 725
965 1065
1590 1255
864 964
978 1078
1842 1700
792 892
814 914
1606 1613
441 541
797 897
1238 1201
362 462
778 878
1140 943
620 720
945 1045
1565 1702
68 168
699 799
767 860
434 534
819 919
1253 1223
759 859
769 869
1528 1276
339 439
580 680
919 1074
321 421
576 676
897 809
289 389
341 441
630 637
66 166
364 464
430 573
358 458
927 1027
1285 1258
336 436
628 728
964 814
721 821
999 1099
1720 1250
689 789
713 813
1402 1302
287 387
928 1028
1215 1105
413 513
611 711
1024 948
104 204
905 1005
1009 1060
158 258
290 390
448 608
92 192
714 814
806 829
173 273
831 931
1004 1033
23 123
662 762
685 800
33 133
810 910
843 957
448 548
647 747
1095 775
254 354
939 1039
1193 1223
165 265
247 347
412 587
596 696
723 823
1319 1506
102 202
235 335
337 453
136 236
966 1066
1102 1152
37 137
237 337
274 365
299 399
973 1073
1272 1124
228 328
867 967
1095 1078
670 770
828 928
1498 1121
52 152
722 822
774 918
88 188
778 878
866 1001
81 181
145 245
226 291
577 677
916 1016
1493 1407
337 437
684 784
1021 1003
717 817
834 934
1551 1164
21 121
934 1034
955 1107
594 694
758 858
1352 1094
515 615
897 997
1412 1325
655 755
902 1002
1557 1741
273 373
821 921
1094 1118
544 644
794 894
1338 1292
709 809
733 833
1442 858
363 463
427 527
790 921
239 339
804 904
1043 919
159 259
676 776
835 990
98 198
899 999
997 1027
254 354
458 558
712 707
64 164
333 433
397 521
241 341
729 829
970 872
328 428
985 1085
1313 1504
258 358
595 695
853 859
63 163
414 514
477 542
22 122
241 341
263 462
364 464
762 862
1126 1075
27 127
277 377
304 454
250 350
993 1093
1243 1381
58 158
808 908
866 941
31 131
514 614
545 666