251980 1200
249 349
681 781
930 1116
537 637
636 736
1173 1118
648 748
833 933
1481 1593
702 802
854 954
1556 1291
848 948
960 1060
1808 1163
375 475
552 652
927 993
551 651
672 772
1223 1281
382 482
753 853
1135 1056
10 110
576 676
586 785
141 241
372 472
513 642
151 251
193 293
344 535
446 546
910 1010
1356 1220
76 176
978 1078
1054 1106
243 343
634 734
877 921
244 344
714 814
958 991
20 120
152 252
172 282
82 182
732 832
814 1006
629 729
938 1038
1567 1049
233 333
801 901
1034 1110
335 435
884 984
1219 1034
335 435
740 840
1075 854
589 689
903 1003
1492 1042
277 377
399 499
676 802
508 608
852 952
1360 1450
925 1025
985 1085
1910 1506
739 839
919 1019
1658 1548
555 655
762 862
1317 1408
189 289
504 604
693 614
731 831
779 879
1510 1527
236 336
931 1031
1167 1128
148 248
249 349
397 551
804 904
874 974
1678 1192
338 438
349 449
687 667
154 254
715 815
869 975
633 733
756 856
1389 1265
415 515
443 543
858 626
180 280
393 493
573 623
176 276
718 818
894 849
280 380
742 842
1022 973
29 129
187 287
216 309
311 411
439 539
750 728
182 282
752 852
934 972
481 581
673 773
1154 1311
96 196
870 970
966 1094
106 206
684 784
790 938
439 539
552 652
991 682
284 384
396 496
680 787
171 271
290 390
461 650
129 229
713 813
842 891
350 450
927 1027
1277 1267
170 270
856 956
1026 1026
403 503
942 1042
1345 1453
704 804
711 811
1415 1170
156 256
668 768
824 923
120 220
711 811
831 1027
876 976
990 1090
1866 1689
195 295
454 554
649 847
58 158
148 248
206 358
767 867
970 1070
1737 1663
70 170
346 446
416 530
289 389
805 905
1094 1246
315 415
388 488
703 872
117 217
429 529
546 547
937 1037
959 1059
1896 1474
527 627
619 719
1146 1271
467 567
708 808
1175 994
714 814
974 1074
1688 1164
180 280
717 817
897 897
169 269
416 516
585 780
599 699
930 1030
1529 1191
217 317
860 960
1077 1217
697 797
897 997
1594 1308
396 496
702 802
1098 1154
218 318
230 330
448 609
852 952
895 995
1747 1117
880 980
963 1063
1843 1205
648 748
774 874
1422 1450
575 675
727 827
1302 1283
631 731
970 1070
1601 1663
311 411
930 1030
1241 1168
31 131
838 938
869 950
368 468
373 473
741 889
870 970
891 991
1761 1787
100 200
655 755
755 895
404 504
463 563
867 630
755 855
775 875
1530 1279
700 800
998 1098
1698 1262
246 346
994 1094
1240 1095
63 163
477 577
540 595
15 115
414 514
429 516
8 108
727 827
735 917
449 549
477 577
926 797
368 468
743 843
1111 1296
399 499
571 671
970 935
673 773
813 913
1486 1197
732 832
810 910
1542 1217
196 296
281 381
477 496
568 668
693 793
1261 1013
548 648
647 747
1195 890
242 342
635 735
877 976
205 305
944 1044
1149 1080
13 113
659 759
672 769
737 837
836 936
1573 1413
452 552
765 865
1217 1227
523 623
545 645
1068 1093
854 954
943 1043
1797 1643
233 333
282 382
515 387
142 242
693 793
835 987
113 213
181 281
294 481
65 165
318 418
383 513
77 177
405 505
482 648
264 364
465 565
729 814
387 487
989 1089
1376 1530
118 218
395 495
513 695
42 142
701 801
743 808
784 884
856 956
1640 1067
33 133
550 650
583 731
426 526
563 663
989 1069
878 978
966 1066
1844 1979
276 376
460 560
736 782
495 595
608 708
1103 1046
276 376
412 512
688 715
228 328
319 419
547 478
411 511
742 842
1153 1057
986 1086
995 1095
1981 1908
222 322
707 807
929 1114
265 365
865 965
1130 1234
204 304
780 880
984 1047
253 353
986 1086
1239 1161
737 837
790 890
1527 994
244 344
480 580
724 761
215 315
389 489
604 697
626 726
871 971
1497 1096
186 286
744 844
930 932
92 192
670 770
762 805
438 538
519 619
957 622
470 570
632 732
1102 1136
205 305
216 316
421 444
132 232
184 284
316 371
843 943
876 976
1719 1294
180 280
801 901
981 976
85 185
567 667
652 704
30 130
819 919
849 959
238 338
901 1001
1139 1199
153 253
689 789
842 832
760 860
920 1020
1680 1623
543 643
790 890
1333 1431
514 614
535 635
1049 756
316 416
398 498
714 577
330 430
868 968
1198 1068
187 287
419 519
606 660
41 141
644 744
685 870
562 662
831 931
1393 1233
19 119
323 423
342 511
628 728
787 887
1415 1477
790 890
1000 1100
1790 1449
103 203
565 665
668 766
636 736
977 1077
1613 1709
18 118
836 936
854 973
300 400
753 853
1053 1163
126 226
939 1039
1065 1151
350 450
558 658
908 860
48 148
510 610
558 725
870 970
872 972
1742 1528
447 547
949 1049
1396 1198
56 156
320 420
376 453
156 256
908 1008
1064 1130
269 369
717 817
986 970
36 136
532 632
568 726
4 104
365 465
369 489
51 151
721 821
772 910
481 581
862 962
1343 1210
757 857
767 867
1524 1564
561 661
963 1063
1524 1707
515 615
950 1050
1465 1124
58 158
400 500
458 522
662 762
853 953
1515 1636
173 273
621 721
794 737
660 760
838 938
1498 1516
675 775
730 830
1405 1235
155 255
185 285
340 295
426 526
646 746
1072 925
122 222
965 1065
1087 1245
401 501
939 1039
1340 1379
151 251
780 880
931 888
413 513
571 671
984 818
429 529
916 1016
1345 1404
152 252
383 483
535 716
625 725
738 838
1363 1059
487 587
563 663
1050 1237
570 670
999 1099
1569 1302
186 286
395 495
581 776
514 614
1000 1100
1514 1663
669 769
672 772
1341 787
11 111
36 136
47 207
783 883
854 954
1637 967
52 152
562 662
614 768
466 566
615 715
1081 1033
13 113
952 1052
965 1100
203 303
745 845
948 985
82 182
360 460
442 629
421 521
659 759
1080 1193
216 316
290 390
506 422
623 723
627 727
1250 1068
144 244
890 990
1034 1228
4 104
108 208
112 217
707 807
917 1017
1624 1062
434 534
931 1031
1365 1139
292 392
817 917
1109 1041
660 760
677 777
1337 1016
202 302
237 337
439 582
25 125
36 136
61 158
502 602
649 749
1151 1103
662 762
946 1046
1608 1799
341 441
515 615
856 905
28 128
700 800
728 816
270 370
734 834
1004 859
545 645
964 1064
1509 1304
66 166
283 383
349 489
649 749
900 1000
1549 1248
68 168
421 521
489 569
135 235
373 473
508 597
668 768
752 852
1420 1186
175 275
763 863
938 1019
442 542
777 877
1219 1039
212 312
780 880
992 1083
262 362
442 542
704 667
51 151
667 767
718 847
246 346
906 1006
1152 1266
239 339
878 978
1117 1014
65 165
888 988
953 1084
191 291
826 926
1017 1151
74 174
480 580
554 616
455 555
613 713
1068 855
172 272
205 305
377 568
470 570
514 614
984 753
110 210
442 542
552 738
78 178
985 1085
1063 1158
398 498
688 788
1086 925
681 781
697 797
1378 809
299 399
802 902
1101 977
462 562
469 569
931 799
282 382
302 402
584 470
534 634
603 703
1137 1160
155 255
458 558
613 656
334 434
902 1002
1236 1235
27 127
115 215
142 234
48 148
611 711
659 752
351 451
620 720
971 786
158 258
803 903
961 970
324 424
815 915
1139 946
416 516
477 577
893 775
49 149
359 459
408 551
201 301
205 305
406 487
81 181
345 445
426 597
173 273
640 740
813 1008
871 971
915 1015
1786 1618
85 185
349 449
434 597
28 128
863 963
891 1050
159 259
164 264
323 328
173 273
385 485
558 603
152 252
220 320
372 362
129 229
225 325
354 452
310 410
472 572
782 739
120 220
340 440
460 624
186 286
252 352
438 615
668 768
754 854
1422 859
138 238
494 594
632 610
51 151
515 615
566 697
152 252
975 1075
1127 1172
228 328
663 763
891 1031
337 437
517 617
854 717
202 302
869 969
1071 1095
390 490
863 963
1253 993
153 253
369 469
522 573
620 720
670 770
1290 954
629 729
715 815
1344 1109
340 440
461 561
801 611
564 664
577 677
1141 1304
288 388
426 526
714 700
18 118
919 1019
937 1074
426 526
545 645
971 1135
36 136
912 1012
948 1111
340 440
660 760
1000 1071
71 171
727 827
798 828
671 771
811 911
1482 1659
338 438
969 1069
1307 1415
658 758
759 859
1417 1333
260 360
556 656
816 988
175 275
599 699
774 956
538 638
608 708
1146 903
278 378
530 630
808 951
212 312
277 377
489 408
499 599
589 689
1088 777
572 672
778 878
1350 1484
237 337
563 663
800 769
157 257
861 961
1018 969
615 715
736 836
1351 1471
255 355
284 384
539 516
536 636
838 938
1374 1203
355 455
844 944
1199 1199
276 376
294 394
570 486
491 591
990 1090
1481 1213
30 130
656 756
686 824
782 882
968 1068
1750 1586
369 469
879 979
1248 1322
482 582
603 703
1085 950
867 967
919 1019
1786 1642
460 560
975 1075
1435 1509
892 992
895 995
1787 1557
424 524
628 728
1052 1091
34 134
261 361
295 376
418 518
663 763
1081 1164
251 351
959 1059
1210 1231
383 483
559 659
942 1042
360 460
841 941
1201 1177
232 332
623 723
855 833
15 115
309 409
324 448
298 398
988 1088
1286 1138
154 254
833 933
987 1163
513 613
847 947
1360 1233
99 199
430 530
529 582
409 509
938 1038
1347 1453
638 738
644 744
1282 1266
40 140
646 746
686 868
271 371
786 886
1057 1190
802 902
816 916
1618 1677
771 871
828 928
1599 1255
389 489
566 666
955 703
344 444
820 920
1164 922
729 829
929 1029
1658 1226
154 254
223 323
377 546
523 623
628 728
1151 1120
414 514
948 1048
1362 1062
190 290
859 959
1049 1080
134 234
660 760
794 808
521 621
838 938
1359 1234
348 448
501 601
849 982
353 453
882 982
1235 1200
181 281
313 413
494 486
73 173
433 533
506 549
550 650
581 681
1131 915
54 154
352 452
406 471
488 588
769 869
1257 1111
835 935
935 1035
1770 1639
30 130
337 437
367 548
472 572
858 958
1330 1008
613 713
794 894
1407 1437
106 206
895 995
1001 1071
431 531
708 808
1139 861
391 491
771 871
1162 902
157 257
798 898
955 1126
325 425
501 601
826 694
290 390
599 699
889 822
313 413
500 600
813 826
26 126
974 1074
1000 1184
687 787
925 1025
1612 1657
308 408
915 1015
1223 1357
309 409
995 1095
1304 1413
115 215
378 478
493 513
389 489
559 659
948 676
148 248
803 903
951 914
241 341
434 534
675 800
59 159
415 515
474 659
200 300
571 671
771 769
192 292
368 468
560 527
150 250
627 727
777 828
231 331
534 634
765 774
294 394
699 799
993 858
438 538
962 1062
1400 1086
23 123
882 982
905 1015
137 237
152 252
289 470
346 446
519 619
865 885
370 470
559 659
929 846
342 442
851 951
1193 1332
499 599
566 666
1065 683
406 506
734 834
1140 1018
61 161
299 399
360 435
552 652
839 939
1391 1421
154 254
449 549
603 581
198 298
695 795
893 822
170 270
198 298
368 377
532 632
971 1071
1503 1178
104 204
488 588
592 723
432 532
492 592
924 997
237 337
345 445
582 450
294 394
339 439
633 584
180 280
505 605
685 873
488 588
781 881
1269 1394
139 239
537 637
676 749
169 269
312 412
481 631
709 809
778 878
1487 1045
260 360
795 895
1055 1239
605 705
643 743
1248 937
96 196
157 257
253 338
92 192
868 968
960 1116
246 346
545 645
791 813
192 292
794 894
986 933
149 249
166 266
315 386
720 820
997 1097
1717 1555