454989 2700
111 211
522 622
633 717
588 688
846 946
1434 1169
165 265
631 731
796 874
144 244
906 1006
1050 1221
59 159
615 715
674 844
757 857
970 1070
1727 1847
147 247
742 842
889 878
452 552
532 632
984 1019
369 469
968 1068
1337 1380
639 739
745 845
1384 1218
580 680
730 830
1310 970
489 589
935 1035
1424 1348
194 294
488 588
682 772
415 515
788 888
1203 1052
690 790
764 864
1454 1346
951 1051
975 1075
1926 1714
79 179
445 545
524 574
26 126
386 486
412 515
204 304
496 596
700 788
271 371
298 398
569 490
178 278
357 457
535 490
861 961
898 998
1759 1541
433 533
434 534
867 782
267 367
935 1035
1202 1351
9 109
592 692
601 716
179 279
535 635
714 858
148 248
881 981
1029 1054
92 192
366 466
458 625
304 404
616 716
920 748
768 868
937 1037
1705 1737
489 589
941 1041
1430 1336
214 314
683 783
897 1000
395 495
513 613
908 797
280 380
961 1061
1241 1163
214 314
305 405
519 488
159 259
267 367
426 402
102 202
182 282
284 438
413 513
515 615
928 809
403 503
865 965
1268 1116
260 360
862 962
1122 1286
66 166
915 1015
981 1140
462 562
578 678
1040 954
135 235
136 236
271 297
547 647
731 831
1278 1034
596 696
723 823
1319 1250
35 135
588 688
623 784
99 199
809 909
908 1048
321 421
587 687
908 693
53 153
619 719
672 747
289 389
930 1030
1219 1306
378 478
770 870
1148 1162
658 758
675 775
1333 1298
27 127
998 1098
1025 1101
112 212
536 636
648 787
122 222
427 527
549 570
259 359
590 690
849 938
204 304
674 774
878 1071
6 106
667 767
673 797
289 389
844 944
1133 1264
254 354
974 1074
1228 1330
171 271
556 656
727 704
880 980
973 1073
1853 1604
420 520
749 849
1169 1123
23 123
668 768
691 791
162 262
265 365
427 564
30 130
715 815
745 930
884 984
929 1029
1813 1216
210 310
823 923
1033 1012
521 621
990 1090
1511 1148
655 755
945 1045
1600 1548
510 610
837 937
1347 1157
269 369
553 653
822 776
228 328
345 445
573 559
85 185
250 350
335 518
430 530
927 1027
1357 1489
680 780
843 943
1523 967
269 369
834 934
1103 1167
464 564
932 1032
1396 1094
660 760
858 958
1518 1310
222 322
403 503
625 535
222 322
971 1071
1193 1084
347 447
904 1004
1251 1029
70 170
547 647
617 798
696 796
752 852
1448 1244
134 234
313 413
447 437
385 485
718 818
1103 1158
490 590
839 939
1329 1320
75 175
205 305
280 424
198 298
937 1037
1135 1147
55 155
185 285
240 359
17 117
159 259
176 315
660 760
752 852
1412 1257
660 760
774 874
1434 1366
152 252
434 534
586 785
33 133
104 204
137 211
30 130
317 417
347 506
23 123
997 1097
1020 1161
90 190
950 1050
1040 1236
425 525
727 827
1152 830
717 817
971 1071
1688 1697
197 297
362 462
559 644
584 684
696 796
1280 1331
34 134
700 800
734 853
62 162
739 839
801 879
502 602
786 886
1288 1404
2 102
708 808
710 848
81 181
925 1025
1006 1037
343 443
904 1004
1247 1402
238 338
647 747
885 780
67 167
796 896
863 962
69 169
398 498
467 610
446 546
927 1027
1373 1522
23 123
278 378
301 437
631 731
818 918
1449 1219
141 241
284 384
425 399
761 861
817 917
1578 1644
204 304
484 584
688 675
141 241
370 470
511 500
572 672
789 889
1361 1266
409 509
886 986
1295 1092
246 346
686 786
932 990
595 695
804 904
1399 1228
183 283
568 668
751 866
70 170
414 514
484 517
117 217
387 487
504 613
607 707
790 890
1397 1186
840 940
989 1089
1829 1388
15 115
997 1097
1012 1165
27 127
727 827
754 861
705 805
749 849
1454 954
406 506
527 627
933 935
57 157
380 480
437 601
202 302
496 596
698 706
152 252
510 610
662 731
449 549
515 615
964 927
840 940
938 1038
1778 1235
217 317
781 881
998 985
457 557
843 943
1300 1124
237 337
262 362
499 558
920 1020
923 1023
1843 1323
820 920
848 948
1668 1579
89 189
977 1077
1066 1081
496 596
836 936
1332 1057
401 501
512 612
913 669
183 283
797 897
980 1152
449 549
614 714
1063 933
346 446
778 878
1124 909
422 522
501 601
923 1104
264 364
605 705
869 727
834 934
956 1056
1790 1162
86 186
87 187
173 358
184 284
348 448
532 675
453 553
839 939
1292 1403
101 201
872 972
973 1073
354 454
399 499
753 599
103 203
581 681
684 735
129 229
737 837
866 989
316 416
396 496
712 550
4 104
735 835
739 910
343 443
484 584
827 1024
622 722
909 1009
1531 1196
781 881
839 939
1620 1606
384 484
710 810
1094 1231
155 255
640 740
795 900
485 585
947 1047
1432 1381
328 428
493 593
821 686
421 521
456 556
877 815
210 310
498 598
708 708
18 118
861 961
879 969
391 491
923 1023
1314 1048
62 162
444 544
506 606
522 622
645 745
1167 1023
129 229
711 811
840 910
479 579
870 970
1349 1381
564 664
733 833
1297 897
660 760
880 980
1540 1685
741 841
938 1038
1679 1538
846 946
959 1059
1805 1513
202 302
529 629
731 763
68 168
80 180
148 273
355 455
754 854
1109 908
434 534
819 919
1253 1438
68 168
849 949
917 1059
364 464
429 529
793 734
537 637
703 803
1240 884
244 344
543 643
787 740
541 641
698 798
1239 830
192 292
828 928
1020 962
13 113
970 1070
983 1084
170 270
321 421
491 491
768 868
902 1002
1670 1068
708 808
766 866
1474 1179
485 585
931 1031
1416 1519
737 837
897 997
1634 1749
693 793
878 978
1571 1200
256 356
392 492
648 544
447 547
820 920
1267 944
71 171
381 481
452 606
33 133
281 381
314 492
573 673
968 1068
1541 1078
354 454
987 1087
1341 1394
893 993
995 1095
1888 1603
525 625
553 653
1078 775
438 538
636 736
1074 783
282 382
892 992
1174 1003
100 200
420 520
520 525
31 131
210 310
241 371
290 390
493 593
783 684
173 273
440 540
613 654
238 338
684 784
922 1119
411 511
923 1023
1334 1092
518 618
935 1035
1453 1186
731 831
798 898
1529 1008
75 175
280 380
355 431
350 450
465 565
815 580
628 728
786 886
1414 1348
195 295
372 472
567 610
432 532
624 724
1056 1103
451 551
653 753
1104 818
127 227
603 703
730 797
599 699
648 748
1247 1094
518 618
870 970
1388 1244
49 149
66 166
115 263
41 141
752 852
793 941
187 287
285 385
472 629
621 721
969 1069
1590 1621
16 116
979 1079
995 1119
308 408
897 997
1205 1056
138 238
566 666
704 783
685 785
708 808
1393 884
47 147
300 400
347 430
108 208
426 526
534 537
270 370
752 852
1022 1059
723 823
969 1069
1692 1344
16 116
637 737
653 768
139 239
817 917
956 973
299 399
685 785
984 919
432 532
721 821
1153 1345
288 388
524 624
812 817
211 311
423 523
634 605
104 204
431 531
535 664
345 445
550 650
895 761
262 362
453 553
715 618
365 465
905 1005
1270 1078
383 483
401 501
784 502
610 710
798 898
1408 1468
13 113
312 412
325 480
154 254
577 677
731 754
677 777
852 952
1529 1044
636 736
736 836
1372 1522
555 655
921 1021
1476 1166
174 274
882 982
1056 1188
31 131
92 192
123 224
44 144
858 958
902 1029
199 299
909 1009
1108 1035
135 235
865 965
1000 1092
368 468
467 567
835 765
449 549
905 1005
1354 1425
27 127
812 912
839 935
69 169
284 384
353 513
476 576
773 873
1249 1371
19 119
556 656
575 771
271 371
544 644
815 862
360 460
741 841
1101 1283
124 224
974 1074
1098 1077
13 113
387 487
400 503
45 145
466 566
511 638
234 334
668 768
902 826
237 337
346 446
583 732
255 355
571 671
826 737
155 255
504 604
659 732
468 568
687 787
1155 1245
406 506
719 819
1125 986
276 376
390 490
666 523
308 408
353 453
661 729
239 339
255 355
494 383
55 155
172 272
227 328
99 199
770 870
869 893
575 675
792 892
1367 1429
421 521
425 525
846 857
325 425
363 463
688 674
504 604
752 852
1256 1028
543 643
638 738
1181 989
338 438
900 1000
1238 1063
77 177
462 562
539 725
34 134
653 753
687 770
951 1051
961 1061
1912 1412
549 649
921 1021
1470 1299
112 212
227 327
339 426
318 418
937 1037
1255 1204
839 939
895 995
1734 1279
843 943
993 1093
1836 1564
424 524
445 545
869 956
376 476
692 792
1068 1198
218 318
804 904
1022 986
786 886
947 1047
1733 1405
303 403
444 544
747 796
420 520
496 596
916 792
125 225
969 1069
1094 1259
98 198
205 305
303 445
123 223
925 1025
1048 1145
581 681
766 866
1347 1253
716 816
945 1045
1661 1798
234 334
875 975
1109 1022
429 529
473 573
902 1027
199 299
287 387
486 427
132 232
357 457
489 624
355 455
738 838
1093 1176
847 947
898 998
1745 1878
840 940
978 1078
1818 1777
227 327
242 342
469 551
238 338
860 960
1098 1067
31 131
802 902
833 983
167 267
829 929
996 971
170 270
174 274
344 406
526 626
990 1090
1516 1416
427 527
995 1095
1422 1566
695 795
777 877
1472 1355
290 390
735 835
1025 990
94 194
484 584
578 597
348 448
811 911
1159 1299
92 192
879 979
971 1055
330 430
524 624
854 998
43 143
446 546
489 625
331 431
733 833
1064 844
455 555
604 704
1059 717
122 222
674 774
796 891
664 764
938 1038
1602 1761
406 506
869 969
1275 1402
43 143
614 714
657 731
296 396
884 984
1180 993
839 939
900 1000
1739 1074
854 954
948 1048
1802 1304
112 212
384 484
496 588
83 183
860 960
943 1033
569 669
626 726
1195 1122
209 309
384 484
593 688
449 549
494 594
943 862
491 591
905 1005
1396 1080
220 320
827 927
1047 1019
43 143
239 339
282 461
131 231
705 805
836 980
463 563
540 640
1003 675
214 314
821 921
1035 1183
9 109
106 206
115 262
541 641
705 805
1246 894
718 818
854 954
1572 1618
410 510
846 946
1256 1371
159 259
407 507
566 523
40 140
351 451
391 481
358 458
985 1085
1343 1190
164 264
254 354
418 595
720 820
768 868
1488 1446
501 601
756 856
1257 1059
667 767
735 835
1402 1415
179 279
812 912
991 935
381 481
677 777
1058 939
239 339
415 515
654 626
181 281
369 469
550 720
39 139
45 145
84 258
630 730
974 1074
1604 1773
562 662
660 760
1222 804
145 245
562 662
707 750
871 971
961 1061
1832 2005
100 200
914 1014
1014 1054
718 818
857 957
1575 968
239 339
850 950
1089 1080
500 600
764 864
1264 1448
441 541
742 842
1183 1032
467 567
747 847
1214 868
235 335
388 488
623 797
227 327
454 554
681 821
261 361
388 488
649 534
398 498
665 765
1063 994
469 569
792 892
1261 996
280 380
346 446
626 592
599 699
671 771
1270 839
58 158
946 1046
1004 1128
8 108
786 886
794 969
298 398
720 820
1018 974
214 314
959 1059
1173 1297
825 925
886 986
1711 1452
646 746
745 845
1391 1304
257 357
386 486
643 642
461 561
660 760
1121 1068
93 193
250 350
343 424
459 559
801 901
1260 997
36 136
131 231
167 348
374 474
774 874
1148 932
433 533
944 1044
1377 1572
29 129
538 638
567 699
340 440
500 600
840 644
644 744
751 851
1395 1586
561 661
973 1073
1534 1615
357 457
363 463
720 771
284 384
450 550
734 749
16 116
961 1061
977 1155
329 429
894 994
1223 1016
557 657
884 984
1441 1560
557 657
905 1005
1462 1557
744 844
835 935
1579 1652
274 374
428 528
702 574
147 247
740 840
887 866
348 448
978 1078
1326 1401
743 843
821 921
1564 1383
148 248
752 852
900 1001
166 266
413 513
579 565
787 887
873 973
1660 1397
491 591
533 633
1024 1006
214 314
766 866
980 936
75 175
675 775
750 822
317 417
735 835
1052 1029
333 433
941 1041
1274 1467
105 205
727 827
832 1015
496 596
774 874
1270 1259
321 421
597 697
918 910
370 470
613 713
983 751
119 219
289 389
408 428
38 138
652 752
690 873
320 420
480 580
800 653
359 459
459 559
818 639
276 376
419 519
695 589
235 335
321 421
556 599
95 195
918 1018
1013 1141
526 626
665 765
1191 1170
221 321
889 989
1110 1282
572 672
951 1051
1523 1275
416 516
693 793
1109 1103
184 284
336 436
520 584
472 572
777 877
1249 1226
106 206
484 584
590 646
340 440
634 734
974 853
324 424
808 908
1132 1016
291 391
980 1080
1271 1323
173 273
360 460
533 671
78 178
910 1010
988 1082
302 402
367 467
669 492
273 373
850 950
1123 1209
436 536
924 1024
1360 1256
479 579
646 746
1125 1057
10 110
988 1088
998 1107
443 543
634 734
1077 825
279 379
312 412
591 716
443 543
893 993
1336 1215
497 597
820 920
1317 1256
320 420
394 494
714 803
303 403
650 750
953 1103
811 911
1000 1100
1811 1918
168 268
339 439
507 447
375 475
786 886
1161 1065
150 250
504 604
654 851
255 355
491 591
746 716
712 812
845 945
1557 1005
580 680
722 822
1302 973
80 180
222 322
302 361
459 559
753 853
1212 1084
582 682
650 750
1232 819
29 129
676 776
705 895
127 227
755 855
882 974
801 901
821 921
1622 1041
528 628
646 746
1174 1343
63 163
629 729
692 789
215 315
609 709
824 859
326 426
585 685
911 806
141 241
822 922
963 1072
742 842
971 1071
1713 1781
640 740
800 900
1440 1297
312 412
755 855
1067 1260
103 203
965 1065
1068 1071
34 134
848 948
882 1071
190 290
579 679
769 839
204 304
581 681
785 827
344 444
475 575
819 579
709 809
723 823
1432 1620
92 192
913 1013
1005 1023
37 137
881 981
918 1098
169 269
812 912
981 937
488 588
990 1090
1478 1210
572 672
774 874
1346 1379
664 764
921 1021
1585 1416
654 754
775 875
1429 1337
781 881
1000 1100
1781 1955
706 806
943 1043
1649 1231
413 513
681 781
1094 1003
189 289
202 302
391 371
220 320
514 614
734 748
339 439
485 585
824 595
203 303
609 709
812 729
373 473
459 559
832 751
636 736
665 765
1301 1186
241 341
630 730
871 902
9 109
392 492
401 597
87 187
145 245
232 395
669 769
923 1023
1592 1120
22 122
482 582
504 620
773 873
989 1089
1762 1481
552 652
800 900
1352 1139
121 221
700 800
821 965
492 592
692 792
1184 860
161 261
411 511
572 587
185 285
447 547
632 725
266 366
993 1093
1259 1202
28 128
876 976
904 980
559 659
768 868
1327 1177
159 259
790 890
949 1029
221 321
656 756
877 1020
539 639
606 706
1145 771
700 800
842 942
1542 1433
59 159
351 451
410 599
556 656
760 860
1316 1310
147 247
813 913
960 1018
407 507
634 734
1041 940
168 268
549 649
717 893
247 347
731 831
978 875
687 787
945 1045
1632 1246
287 387
877 977
1164 1107
444 544
594 694
1038 915
956 1056
965 1065
1921 1711
21 121
344 444
365 539
807 907
847 947
1654 1427
117 217
879 979
996 1109
433 533
520 620
953 1129
24 124
233 333
257 415
635 735
706 806
1341 1511
343 443
954 1054
1297 1147
691 791
765 865
1456 1538
257 357
963 1063
1220 1065
22 122
919 1019
941 1115
527 627
659 759
1186 841
156 256
535 635
691 868
289 389
357 457
646 522
926 1026
976 1076
1902 1096
587 687
647 747
1234 1285
121 221
749 849
870 1025
423 523
510 610
933 745
4 104
809 909
813 996
87 187
925 1025
1012 1202
289 389
794 894
1083 1180
272 372
658 758
930 906
268 368
986 1086
1254 1316
586 686
771 871
1357 1432
537 637
578 678
1115 1123
35 135
666 766
701 785
318 418
964 1064
1282 1240
651 751
918 1018
1569 1288
216 316
713 813
929 1079
613 713
720 820
1333 1162
363 463
680 780
1043 997
317 417
438 538
755 843
537 637
787 887
1324 1506
330 430
615 715
945 941
412 512
702 802
1114 929
436 536
602 702
1038 1211
218 318
663 763
881 1073
337 437
777 877
1114 1207
722 822
848 948
1570 1354
39 139
624 724
663 819
375 475
480 580
855 827
607 707
889 989
1496 1532
253 353
615 715
868 897
437 537
612 712
1049 773
164 264
486 586
650 786
426 526
744 844
1170 1173
101 201
734 834
835 919
244 344
501 601
745 789
235 335
792 892
1027 932
282 382
438 538
720 863
281 381
884 984
1165 1089
732 832
901 1001
1633 1152
810 910
840 940
1650 1218
108 208
406 506
514 544
123 223
677 777
800 837
164 264
802 902
966 940
373 473
926 1026
1299 1057
165 265
610 710
775 858
383 483
421 521
804 822
41 141
682 782
723 864
89 189
487 587
576 676
395 495
620 720
1015 1140
272 372
548 648
820 741
800 900
996 1096
1796 1278
848 948
865 965
1713 1329
143 243
971 1071
1114 1175
103 203
464 564
567 757
52 152
377 477
429 495
179 279
654 754
833 981
27 127
181 281
208 363
201 301
320 420
521 702
640 740
754 854
1394 1306
51 151
245 345
296 469
805 905
883 983
1688 1419
237 337
718 818
955 902
728 828
798 898
1526 1155
112 212
378 478
490 686
184 284
683 783
867 817
721 821
814 914
1535 1401
70 170
736 836
806 956
259 359
853 953
1112 1285
142 242
521 621
663 751
54 154
856 956
910 1011
688 788
819 919
1507 1271
34 134
217 317
251 396
656 756
694 794
1350 824
417 517
812 912
1229 979
240 340
444 544
684 670
173 273
585 685
758 812
283 383
874 974
1157 1252
311 411
632 732
943 1116
170 270
441 541
611 715
905 1005
960 1060
1865 1690
229 329
410 510
639 631
83 183
731 831
814 968
763 863
889 989
1652 1482
58 158
958 1058
1016 1204
280 380
536 636
816 806
408 508
445 545
853 589
432 532
587 687
1019 1196
572 672
759 859
1331 1238
517 617
557 657
1074 862
76 176
478 578
554 650
298 398
721 821
1019 1010
734 834
853 953
1587 1389
880 980
974 1074
1854 1751
338 438
817 917
1155 962
141 241
828 928
969 958
332 432
441 541
773 563
296 396
553 653
849 901
331 431
379 479
710 743
37 137
482 582
519 717
498 598
709 809
1207 1026
124 224
272 372
396 556
619 719
655 755
1274 1155
42 142
985 1085
1027 1195
625 725
861 961
1486 1425
518 618
841 941
1359 1474
366 466
684 784
1050 1247
594 694
597 697
1191 1200
302 402
379 479
681 796
549 649
741 841
1290 868
205 305
296 396
501 516
88 188
648 748
736 808
304 404
436 536
740 775
38 138
893 993
931 1122
428 528
686 786
1114 1115
99 199
710 810
809 973
549 649
682 782
1231 902
787 887
818 918
1605 935
7 107
342 442
349 511
19 119
258 358
277 417
258 358
636 736
894 816
242 342
314 414
556 727
149 249
183 283
332 386
24 124
345 445
369 478
479 579
520 620
999 841
71 171
514 614
585 747
289 389
596 696
885 941
82 182
111 211
193 378
158 258
434 534
592 544
644 744
818 918
1462 1563
68 168
531 631
599 782
781 881
978 1078
1759 1789
70 170
90 190
160 241
140 240
179 279
319 320
77 177
169 269
246 313
642 742
711 811
1353 1272
90 190
400 500
490 543
54 154
873 973
927 1028
310 410
467 567
777 673
526 626
874 974
1400 1116
277 377
449 549
726 620
104 204
508 608
612 683
702 802
806 906
1508 1144
659 759
872 972
1531 1543
562 662
582 682
1144 1237
106 206
285 385
391 574
252 352
555 655
807 958
409 509
882 982
1291 1442
251 351
342 442
593 761
38 138
223 323
261 431
196 296
234 334
430 502
39 139
711 811
750 936
823 923
916 1016
1739 1351
427 527
991 1091
1418 1243
232 332
520 620
752 698
611 711
898 998
1509 1669
122 222
452 552
574 635
543 643
931 1031
1474 1302
733 833
828 928
1561 1501
571 671
979 1079
1550 1480
80 180
661 761
741 853
879 979
936 1036
1815 1290
519 619
618 718
1137 779
56 156
340 440
396 477
762 862
825 925
1587 1226
108 208
956 1056
1064 1181
903 1003
918 1018
1821 1700
402 502
473 573
875 1006
74 174
789 889
863 971
216 316
292 392
508 674
91 191
598 698
689 766
240 340
287 387
527 412
183 283
599 699
782 703
319 419
477 577
796 875
746 846
787 887
1533 1555
296 396
435 535
731 676
116 216
906 1006
1022 1051
30 130
713 813
743 822
96 196
885 985
981 1114
111 211
940 1040
1051 1151
11 111
785 885
796 993
747 847
753 853
1500 1202
49 149
888 988
937 1060
90 190
888 988
978 994
27 127
125 225
152 326
206 306
224 324
430 542
47 147
662 762
709 861
228 328
274 374
502 604
171 271
178 278
349 409
808 908
898 998
1706 1603
42 142
469 569
511 676
119 219
434 534
553 551
882 982
989 1089
1871 1446
102 202
265 365
367 545
651 751
926 1026
1577 1570
148 248
652 752
800 801
93 193
418 518
511 584
168 268
511 611
679 704
244 344
746 846
990 900
241 341
611 711
852 749
291 391
436 536
727 878
195 295
599 699
794 727
234 334
932 1032
1166 1304
17 117
687 787
704 820
118 218
523 623
641 763
290 390
830 930
1120 982
85 185
281 381
366 522
24 124
201 301
225 374
349 449
563 663
912 786
617 717
658 758
1275 1068
532 632
577 677
1109 1208
72 172
779 879
851 967
58 158
293 393
351 456
815 915
867 967
1682 1295
146 246
919 1019
1065 1047
286 386
358 458
644 515
190 290
994 1094
1184 1242
473 573
991 1091
1464 1422
119 219
340 440
459 594
147 247
758 858
905 1083
531 631
987 1087
1518 1094
523 623
649 749
1172 1084
327 427
730 830
1057 945
747 847
938 1038
1685 1478
515 615
938 1038
1453 1383
80 180
912 1012
992 1130
895 995
897 997
1792 1841
190 290
992 1092
1182 1278
168 268
525 625
693 630
195 295
376 476
571 606
48 148
546 646
594 754
63 163
570 670
633 827
780 880
808 908
1588 1438
538 638
734 834
1272 1462
18 118
616 716
634 741
159 259
235 335
394 429
522 622
992 1092
1514 1474
197 297
665 765
862 844
869 969
980 1080
1849 1737
240 340
749 849
989 979
378 478
689 789
1067 1039
125 225
561 661
686 717
262 362
848 948
1110 1050
245 345
420 520
665 778
410 510
961 1061
1371 1088
616 716
666 766
1282 1097
396 496
651 751
1047 847
115 215
774 874
889 1032
620 720
791 891
1411 892
155 255
631 731
786 845
18 118
896 996
914 1028
146 246
448 548
594 591
518 618
839 939
1357 1550
575 675
879 979
1454 1448
40 140
990 1090
1030 1177
162 262
367 467
529 687
284 384
306 406
590 627
333 433
834 934
1167 1256
122 222
601 701
723 755
348 448
695 795
1043 1154
52 152
419 519
471 589
29 129
147 247
176 249
459 559
925 1025
1384 1155
426 526
930 1030
1356 1254
494 594
814 914
1308 1281
126 226
624 724
750 885
367 467
803 903
1170 1087
422 522
613 713
1035 900
370 470
588 688
958 740
107 207
673 773
780 970
164 264
836 936
1000 1161
288 388
745 845
1033 1015
344 444
458 558
802 856
132 232
446 546
578 648
716 816
766 866
1482 1619
414 514
984 1084
1398 1514
360 460
834 934
1194 1225
609 709
945 1045
1554 1100
161 261
661 761
822 805
77 177
239 339
316 424
415 515
473 573
888 1044
232 332
707 807
939 978
473 573
521 621
994 940
394 494
649 749
1043 1116
780 880
867 967
1647 1101
223 323
321 421
544 598
7 107
176 276
183 304
593 693
972 1072
1565 1199
64 164
75 175
139 295
201 301
662 762
863 829
216 316
506 606
722 623
448 548
624 724
1072 948
778 878
987 1087
1765 1328
333 433
958 1058
1291 1108
51 151
871 971
922 1015
901 1001
947 1047
1848 1454
623 723
625 725
1248 892
245 345
990 1090
1235 1249
260 360
441 541
701 712
380 480
903 1003
1283 1116
580 680
659 759
1239 1026
4 104
477 577
481 585
34 134
617 717
651 823
25 125
195 295
220 361
345 445
940 1040
1285 1052
130 230
171 271
301 319
54 154
677 777
731 840
380 480
670 770
1050 807
132 232
457 557
589 618
309 409
444 544
753 866
126 226
676 776
802 840
427 527
940 1040
1367 1546
509 609
621 721
1130 968
502 602
814 914
1316 1339
302 402
714 814
1016 920
519 619
772 872
1291 1211
58 158
675 775
733 840
471 571
730 830
1201 1148
760 860
971 1071
1731 1143
567 667
937 1037
1504 1102
149 249
966 1066
1115 1180
28 128
946 1046
974 1111
572 672
871 971
1443 1498
332 432
551 651
883 853
269 369
760 860
1029 938
611 711
875 975
1486 1228
487 587
744 844
1231 947
303 403
324 424
627 613
213 313
554 654
767 809
474 574
958 1058
1432 1496
17 117
139 239
156 277
89 189
777 877
866 888
804 904
815 915
1619 1374
925 1025
953 1053
1878 1453
197 297
204 304
401 560
533 633
882 982
1415 1004
109 209
342 442
451 638
92 192
276 376
368 515
241 341
580 680
821 971
549 649
841 941
1390 1438
397 497
767 867
1164 1211
35 135
797 897
832 1022
88 188
841 941
929 991
297 397
649 749
946 944
645 745
698 798
1343 1248
28 128
209 309
237 415
472 572
816 916
1288 1061
236 336
447 547
683 667
37 137
762 862
799 962
192 292
297 397
489 549
439 539
452 552
891 625
790 890
804 904
1594 1554
367 467
472 572
839 627
217 317
252 352
469 598
582 682
659 759
1241 1369
425 525
670 770
1095 819
153 253
336 436
489 475
588 688
812 912
1400 1324
29 129
307 407
336 416
296 396
685 785
981 1078
311 411
683 783
994 1108
274 374
610 710
884 771
485 585
744 844
1229 981
222 322
756 856
978 1099
355 455
774 874
1129 1087
410 510
472 572
882 997
375 475
476 576
851 828
268 368
446 546
714 576
34 134
435 535
469 630
9 109
122 222
131 270
324 424
472 572
796 975