297482 1500
125 225
226 326
351 488
636 736
926 1026
1562 1306
457 557
910 1010
1367 1538
653 753
867 967
1520 1172
99 199
879 979
978 1020
172 272
702 802
874 977
362 462
383 483
745 686
34 134
48 148
82 241
546 646
734 834
1280 885
109 209
170 270
279 449
114 214
742 842
856 851
500 600
939 1039
1439 1552
121 221
826 926
947 929
341 441
759 859
1100 1208
276 376
430 530
706 895
188 288
256 356
444 553
641 741
796 896
1437 1101
189 289
323 423
512 485
203 303
651 751
854 802
172 272
305 405
477 670
252 352
486 586
738 626
673 773
868 968
1541 1453
209 309
650 750
859 917
318 418
490 590
808 885
291 391
731 831
1022 845
260 360
973 1073
1233 1428
99 199
653 753
752 768
290 390
687 787
977 880
540 640
709 809
1249 1284
516 616
988 1088
1504 1204
12 112
392 492
404 516
80 180
462 562
542 689
871 971
968 1068
1839 1550
168 268
753 853
921 963
606 706
934 1034
1540 1091
447 547
946 1046
1393 1266
200 300
298 398
498 444
188 288
905 1005
1093 1233
649 749
777 877
1426 1207
346 446
456 556
802 613
414 514
857 957
1271 1212
21 121
433 533
454 641
718 818
988 1088
1706 1244
459 559
961 1061
1420 1067
410 510
732 832
1142 856
769 869
794 894
1563 1053
32 132
835 935
867 999
157 257
566 666
723 699
169 269
450 550
619 724
408 508
652 752
1060 885
667 767
890 990
1557 1115
318 418
928 1028
1246 1273
407 507
634 734
1041 1074
102 202
166 266
268 295
762 862
875 975
1637 1758
472 572
535 635
1007 1076
363 463
551 651
914 1014
436 536
783 883
1219 1382
126 226
694 794
820 868
87 187
903 1003
990 1142
399 499
674 774
1073 896
280 380
362 462
642 774
786 886
941 1041
1727 1122
607 707
878 978
1485 1506
181 281
845 945
1026 1075
506 606
567 667
1073 965
345 445
941 1041
1286 1202
609 709
737 837
1346 914
183 283
223 323
406 561
361 461
936 1036
1297 1357
217 317
725 825
942 1110
461 561
477 577
938 1019
319 419
545 645
864 983
312 412
459 559
771 928
99 199
588 688
687 749
387 487
702 802
1089 1034
183 283
189 289
372 532
167 267
745 845
912 1107
40 140
136 236
176 365
697 797
890 990
1587 1030
144 244
651 751
795 905
537 637
903 1003
1440 1022
144 244
687 787
831 878
592 692
750 850
1342 1259
664 764
850 950
1514 1333
351 451
469 569
820 919
879 979
898 998
1777 1228
256 356
766 866
1022 1025
148 248
213 313
361 468
544 644
733 833
1277 1320
87 187
118 218
205 296
236 336
988 1088
1224 1117
260 360
618 718
878 1026
736 836
847 947
1583 1014
221 321
549 649
770 810
511 611
564 664
1075 1192
250 350
516 616
766 775
81 181
886 986
967 1100
96 196
524 624
620 668
159 259
734 834
893 925
39 139
482 582
521 695
258 358
736 836
994 1118
720 820
893 993
1613 1193
369 469
579 679
948 1045
436 536
995 1095
1431 1431
420 520
873 973
1293 1124
667 767
703 803
1370 1055
635 735
817 917
1452 1204
651 751
853 953
1504 1147
230 330
520 620
750 800
260 360
386 486
646 812
326 426
847 947
1173 1006
226 326
440 540
666 824
99 199
553 653
652 780
466 566
571 671
1037 1063
348 448
848 948
1196 1280
224 324
231 331
455 414
306 406
952 1052
1258 1262
717 817
950 1050
1667 1109
159 259
296 396
455 507
607 707
686 786
1293 1108
162 262
478 578
640 643
55 155
916 1016
971 1128
122 222
831 931
953 1004
499 599
762 862
1261 1438
586 686
978 1078
1564 1697
676 776
702 802
1378 1465
7 107
533 633
540 646
405 505
889 989
1294 1327
198 298
740 840
938 930
422 522
909 1009
1331 1131
63 163
980 1080
1043 1186
655 755
912 1012
1567 1103
415 515
513 613
928 818
455 555
507 607
962 723
473 573
957 1057
1430 1542
670 770
877 977
1547 1302
190 290
688 788
878 920
31 131
396 496
427 518
306 406
556 656
862 930
457 557
597 697
1054 716
412 512
995 1095
1407 1207
177 277
479 579
656 719
598 698
650 750
1248 1310
514 614
655 755
1169 1035
390 490
797 897
1187 1126
314 414
678 778
992 1099
74 174
145 245
219 312
117 217
264 364
381 486
412 512
473 573
885 595
557 657
773 873
1330 1069
87 187
434 534
521 609
402 502
997 1097
1399 1240
181 281
448 548
629 618
48 148
479 579
527 711
507 607
874 974
1381 1279
29 129
365 465
394 531
175 275
249 349
424 376
196 296
260 360
456 638
121 221
702 802
823 840
612 712
647 747
1259 1183
317 417
664 764
981 1137
191 291
921 1021
1112 1059
49 149
754 854
803 932
259 359
673 773
932 999
200 300
872 972
1072 1197
118 218
863 963
981 1050
593 693
848 948
1441 1205
321 421
418 518
739 522
8 108
199 299
207 365
53 153
156 256
209 258
381 481
783 883
1164 1080
97 197
840 940
937 1046
252 352
574 674
826 766
266 366
718 818
984 978
127 227
965 1065
1092 1264
228 328
609 709
837 710
62 162
605 705
667 728
518 618
952 1052
1470 1123
253 353
615 715
868 1014
460 560
803 903
1263 986
150 250
739 839
889 951
357 457
443 543
800 587
446 546
679 779
1125 1293
264 364
566 666
830 835
581 681
943 1043
1524 1318
119 219
201 301
320 395
526 626
636 736
1162 1268
344 444
371 471
715 498
520 620
751 851
1271 1189
115 215
855 955
970 1119
743 843
893 993
1636 1224
628 728
994 1094
1622 1777
292 392
358 458
650 812
663 763
788 888
1451 975
668 768
808 908
1476 1349
175 275
455 555
630 722
94 194
940 1040
1034 1218
763 863
986 1086
1749 1678
514 614
988 1088
1502 1128
239 339
842 942
1081 1234
506 606
673 773
1179 1021
815 915
966 1066
1781 1623
417 517
440 540
857 671
120 220
322 422
442 543
830 930
895 995
1725 1495
614 714
832 932
1446 1388
274 374
759 859
1033 1138
487 587
760 860
1247 1410
731 831
833 933
1564 1710
124 224
992 1092
1116 1185
96 196
126 226
222 284
292 392
907 1007
1199 1128
841 941
887 987
1728 1256
21 121
446 546
467 560
36 136
63 163
99 266
135 235
372 472
507 519
854 954
983 1083
1837 2014
35 135
460 560
495 584
557 657
932 1032
1489 1453
717 817
718 818
1435 1206
67 167
301 401
368 464
272 372
619 719
891 1000
431 531
722 822
1153 1207
296 396
582 682
878 1050
298 398
503 603
801 767
731 831
871 971
1602 1218
455 555
536 636
991 896
260 360
953 1053
1213 1380
315 415
642 742
957 1078
349 449
390 490
739 761
115 215
785 885
900 935
214 314
359 459
573 520
144 244
544 644
688 782
359 459
847 947
1206 1224
591 691
929 1029
1520 1711
159 259
556 656
715 736
198 298
959 1059
1157 1074
666 766
832 932
1498 1518
669 769
799 899
1468 1355
120 220
305 405
425 607
567 667
696 796
1263 1350
19 119
695 795
714 903
30 130
879 979
909 1072
434 534
559 659
993 1013
494 594
719 819
1213 919
441 541
773 873
1214 1065
324 424
673 773
997 1163
161 261
258 358
419 607
46 146
453 553
499 568
220 320
925 1025
1145 1178
324 424
379 479
703 783
613 713
652 752
1265 816
141 241
398 498
539 700
275 375
487 587
762 881
602 702
932 1032
1534 1151
172 272
592 692
764 717
117 217
349 449
466 509
178 278
939 1039
1117 1100
50 150
402 502
452 615
111 211
541 641
652 842
500 600
604 704
1104 938
124 224
762 862
886 906
574 674
960 1060
1534 1213
97 197
712 812
809 979
765 865
988 1088
1753 1388
25 125
961 1061
986 1160
339 439
696 796
1035 976
453 553
576 676
1029 784
691 791
875 975
1566 1262
182 282
440 540
622 710
7 107
899 999
906 1092
418 518
767 867
1185 1212
474 574
924 1024
1398 1050
213 313
395 495
608 756
762 862
777 877
1539 978
55 155
254 354
309 485
564 664
691 791
1255 1341
93 193
701 801
794 837
213 313
380 480
593 569
129 229
712 812
841 973
657 757
806 906
1463 1316
278 378
645 745
923 994
378 478
453 553
831 589
23 123
217 317
240 335
480 580
559 659
1039 1198
331 431
803 903
1134 1231
55 155
411 511
466 609
341 441
820 920
1161 1092
311 411
460 560
771 754
219 319
839 939
1058 1125
255 355
281 381
536 458
441 541
851 951
1292 1461
428 528
712 812
1140 893
164 264
614 714
778 768
409 509
935 1035
1344 1212
102 202
822 922
924 1028
54 154
497 597
551 670
400 500
747 847
1147 1111
675 775
839 939
1514 1595
462 562
698 798
1160 859
4 104
935 1035
939 1087
152 252
306 406
458 467
314 414
425 525
739 844
122 222
376 476
498 527
356 456
893 993
1249 1072
486 586
495 595
981 813
181 281
816 916
997 1039
380 480
421 521
801 877
350 450
903 1003
1253 1444
41 141
277 377
318 429
46 146
467 567
513 646
629 729
634 734
1263 888
212 312
747 847
959 1155
112 212
540 640
652 727
843 943
922 1022
1765 1545
13 113
840 940
853 1034
518 618
688 788
1206 1017
772 872
783 883
1555 1146
206 306
539 639
745 713
285 385
286 386
571 455
16 116
663 763
679 819
116 216
571 671
687 738
790 890
866 966
1656 1082
584 684
788 888
1372 1171
329 429
410 510
739 527
147 247
243 343
390 434
412 512
529 629
941 714
760 860
877 977
1637 1281
294 394
451 551
745 935
573 673
959 1059
1532 1322
89 189
588 688
677 834
16 116
313 413
329 474
187 287
305 405
492 676
31 131
455 555
486 656
125 225
555 655
680 770
24 124
304 404
328 491
388 488
779 879
1167 966
566 666
955 1055
1521 1668
42 142
928 1028
970 1102
597 697
975 1075
1572 1550
192 292
807 907
999 1087
715 815
894 994
1609 1275
513 613
676 776
1189 1111
21 121
672 772
693 849
29 129
421 521
450 525
242 342
746 846
988 927
52 152
480 580
532 731
180 280
606 706
786 850
91 191
782 882
873 1006
365 465
753 853
1118 1176
319 419
684 784
1003 994
29 129
250 350
279 364
426 526
806 906
1232 1335
519 619
716 816
1235 830
260 360
855 955
1115 1201
48 148
795 895
843 938
463 563
848 948
1311 1073
640 740
985 1085
1625 1498
330 430
437 537
767 700
592 692
750 850
1342 926
355 455
522 622
877 708
215 315
269 369
484 466
291 391
344 444
635 477
126 226
476 576
602 720
215 315
458 558
673 828
149 249
500 600
649 680
485 585
563 663
1048 726
244 344
563 663
807 934
241 341
569 669
810 891
30 130
583 683
613 779
313 413
370 470
683 732
269 369
922 1022
1191 1382
88 188
660 760
748 858
487 587
933 1033
1420 1146
53 153
623 723
676 848
184 284
649 749
833 939
197 297
204 304
401 356
87 187
573 673
660 844
265 365
903 1003
1168 1149
12 112
403 503
415 534
392 492
478 578
870 1065
3 103
918 1018
921 1034
367 467
578 678
945 940
886 986
980 1080
1866 1140
219 319
641 741
860 916
323 423
916 1016
1239 1180
146 246
607 707
753 935
250 350
943 1043
1193 1157
380 480
882 982
1262 1413
757 857
863 963
1620 1459
674 774
890 990
1564 1100
31 131
560 660
591 719
17 117
477 577
494 645
538 638
810 910
1348 1359
2 102
802 902
804 972
210 310
528 628
738 847
552 652
913 1013
1465 1539
241 341
491 591
732 614
280 380
884 984
1164 1342
603 703
835 935
1438 1155
130 230
396 496
526 691
36 136
301 401
337 536
793 893
798 898
1591 974
187 287
574 674
761 835
535 635
758 858
1293 1408
448 548
895 995
1343 1473
323 423
780 880
1103 1173
314 414
916 1016
1230 1197
410 510
562 662
972 1109
623 723
700 800
1323 847
492 592
676 776
1168 1287
265 365
619 719
884 924
32 132
304 404
336 424
212 312
615 715
827 741
248 348
490 590
738 828
65 165
547 647
612 689
534 634
605 705
1139 876
145 245
554 654
699 802
132 232
511 611
643 829
438 538
938 1038
1376 1398
347 447
885 985
1232 1232
36 136
546 646
582 726
340 440
504 604
844 713
128 228
646 746
774 908
166 266
508 608
674 836
253 353
910 1010
1163 1292
6 106
827 927
833 944
575 675
924 1024
1499 1085
487 587
597 697
1084 1236
631 731
815 915
1446 1384
37 137
543 643
580 685
670 770
677 777
1347 1088
86 186
889 989
975 1074
491 591
889 989
1380 1083
666 766
717 817
1383 1480
10 110
841 941
851 945
74 174
351 451
425 508
482 582
647 747
1129 1034
898 998
931 1031
1829 1262
358 458
459 559
817 878
413 513
444 544
857 715
176 276
298 398
474 611
33 133
529 629
562 756
482 582
622 722
1104 1272
184 284
381 481
565 566
372 472
560 660
932 918
40 140
280 380
320 508
483 583
619 719
1102 1247
502 602
767 867
1269 986
175 275
438 538
613 583
415 515
978 1078
1393 1156
533 633
575 675
1108 723
12 112
387 487
399 549
672 772
976 1076
1648 1733
305 405
512 612
817 886
81 181
437 537
518 671
585 685
912 1012
1497 1192
586 686
920 1020
1506 1590
148 248
685 785
833 960
176 276
769 869
945 1008
531 631
984 1084
1515 1440
75 175
660 760
735 850
148 248
163 263
311 430
35 135
702 802
737 863
79 179
429 529
508 608
24 124
334 434
358 512
732 832
782 882
1514 1068
82 182
483 583
565 604
412 512
525 625
937 828
212 312
623 723
835 877
317 417
666 766
983 847
47 147
94 194
141 266
295 395
459 559
754 788
654 754
883 983
1537 1302
128 228
720 820
848 1028
358 458
860 960
1218 1174
176 276
518 618
694 755
170 270
932 1032
1102 1108
150 250
938 1038
1088 1263
790 890
825 925
1615 1684
14 114
509 609
523 674
411 511
572 672
983 762
169 269
369 469
538 470
25 125
552 652
577 670
449 549
487 587
936 612
182 282
308 408
490 493
232 332
992 1092
1224 1141
320 420
893 993
1213 1204
217 317
522 622
739 714
19 119
933 1033
952 1055
605 705
616 716
1221 853
464 564
608 708
1072 1031
484 584
490 590
974 649
242 342
607 707
849 786
155 255
754 854
909 992
556 656
714 814
1270 920
582 682
661 761
1243 1076
180 280
477 577
657 622
33 133
176 276
209 291