103936 600
211 311
718 818
929 1074
21 121
172 272
193 365
684 784
695 795
1379 1167
120 220
145 245
265 294
440 540
712 812
1152 1084
134 234
373 473
507 553
471 571
578 678
1049 1207
201 301
436 536
637 644
346 446
511 611
857 928
34 134
612 712
646 773
357 457
564 664
921 740
304 404
834 934
1138 1009
478 578
636 736
1114 1256
233 333
392 492
625 783
21 121
542 642
563 649
407 507
424 524
831 824
685 785
769 869
1454 1604
511 611
570 670
1081 862
23 123
778 878
801 997
845 945
972 1072
1817 1363
272 372
764 864
1036 1227
352 452
775 875
1127 1141
8 108
395 495
403 566
176 276
497 597
673 868
150 250
152 252
302 485
725 825
969 1069
1694 1349
93 193
629 729
722 859
611 711
858 958
1469 1058
742 842
789 889
1531 1302
407 507
659 759
1066 836
645 745
657 757
1302 1169
127 227
316 416
443 459
46 146
993 1093
1039 1198
721 821
964 1064
1685 1822
536 636
672 772
1208 1385
68 168
254 354
322 441
179 279
540 640
719 876
485 585
979 1079
1464 1514
321 421
857 957
1178 1372
75 175
695 795
770 895
548 648
779 879
1327 890
211 311
919 1019
1130 1268
699 799
865 965
1564 1024
55 155
962 1062
1017 1127
421 521
447 547
868 583
51 151
319 419
370 445
396 496
546 646
942 907
159 259
982 1082
1141 1172
394 494
873 973
1267 1008
556 656
936 1036
1492 1327
453 553
612 712
1065 1076
160 260
709 809
869 1056
706 806
895 995
1601 1297
153 253
648 748
801 841
340 440
428 528
768 567
377 477
936 1036
1313 1332
310 410
757 857
1067 1066
92 192
171 271
263 328
688 788
928 1028
1616 1272
190 290
728 828
918 946
422 522
423 523
845 919
55 155
281 381
336 479
156 256
584 684
740 920
433 533
850 950
1283 1192
150 250
374 474
524 655
231 331
478 578
709 649
565 665
912 1012
1477 1115
150 250
882 982
1032 1175
13 113
943 1043
956 1046
90 190
976 1076
1066 1140
419 519
943 1043
1362 1256
377 477
794 894
1171 1078
589 689
871 971
1460 1256
11 111
422 522
433 556
220 320
626 726
846 776
196 296
991 1091
1187 1169
127 227
623 723
750 793
184 284
837 937
1021 1027
507 607
853 953
1360 1035
171 271
547 647
718 772
381 481
451 551
832 636
738 838
991 1091
1729 1491
327 427
947 1047
1274 1400
169 269
635 735
804 818
11 111
844 944
855 992
244 344
892 992
1136 1094
316 416
944 1044
1260 1258
198 298
205 305
403 344
270 370
274 374
544 742
775 875
845 945
1620 1405
135 235
423 523
558 751
804 904
989 1089
1793 1525
118 218
552 652
670 800
752 852
913 1013
1665 1830
231 331
731 831
962 1086
68 168
643 743
711 880
498 598
982 1082
1480 1126
515 615
917 1017
1432 1057
5 105
460 560
465 615
237 337
892 992
1129 1271
571 671
831 931
1402 1502
457 557
692 792
1149 955
729 829
826 926
1555 1585
394 494
622 722
1016 882
92 192
299 399
391 565
92 192
207 307
299 471
393 493
999 1099
1392 1319
505 605
688 788
1193 1272
465 565
870 970
1335 1478
601 701
627 727
1228 841
25 125
322 422
347 471
29 129
751 851
780 882
43 143
354 454
397 457
385 485
961 1061
1346 1382
29 129
293 393
322 426
452 552
523 623
975 823
383 483
493 593
876 797
40 140
545 645
585 702
121 221
327 427
448 626
408 508
561 661
969 1095
735 835
749 849
1484 1351
23 123
870 970
893 1050
827 927
961 1061
1788 1878
18 118
239 339
257 365
421 521
546 646
967 893
349 449
504 604
853 846
161 261
951 1051
1112 1295
473 573
620 720
1093 1018
343 443
661 761
1004 1069
301 401
954 1054
1255 1128
61 161
928 1028
989 1053
300 400
586 686
886 847
168 268
887 987
1055 1188
563 663
690 790
1253 1130
145 245
330 430
475 485
40 140
904 1004
944 1079
264 364
300 400
564 538
19 119
454 554
473 616
465 565
825 925
1290 1473
473 573
874 974
1347 1135
437 537
763 863
1200 1377
662 762
744 844
1406 1371
593 693
602 702
1195 1195
577 677
964 1064
1541 1594
122 222
782 882
904 1032
221 321
674 774
895 1032
28 128
613 713
641 760
284 384
450 550
734 888
614 714
971 1071
1585 1782
110 210
729 829
839 1018
442 542
761 861
1203 1075
769 869
802 902
1571 1129
152 252
327 427
479 506
514 614
854 954
1368 1160
267 367
511 611
778 942
437 537
800 900
1237 923
460 560
468 568
928 967
50 150
115 215
165 333
475 575
626 726
1101 1298
106 206
391 491
497 551
8 108
952 1052
960 1054
363 463
519 619
882 819
306 406
558 658
864 898
67 167
739 839
806 853
275 375
408 508
683 810
204 304
316 416
520 649
156 256
686 786
842 889
134 234
997 1097
1131 1165
813 913
834 934
1647 1104
178 278
217 317
395 560
675 775
791 891
1466 1586
478 578
482 582
960 652
501 601
650 750
1151 1299
724 824
944 1044
1668 1138
76 176
592 692
668 866
24 124
962 1062
986 1140
347 447
792 892
1139 1226
460 560
932 1032
1392 1209
263 363
937 1037
1200 1352
721 821
782 882
1503 1094
584 684
781 881
1365 1258
483 583
636 736
1119 784
367 467
727 827
1094 954
722 822
743 843
1465 1545
288 388
762 862
1050 1143
585 685
894 994
1479 1196
567 667
735 835
1302 1415
407 507
788 888
1195 1066
199 299
545 645
744 844
285 385
580 680
865 699
347 447
959 1059
1306 1098
130 230
157 257
287 419
66 166
145 245
211 308
159 259
553 653
712 830
403 503
967 1067
1370 1369
170 270
920 1020
1090 1059
551 651
968 1068
1519 1256
175 275
543 643
718 693
341 441
499 599
840 829
426 526
560 660
986 1074