214453 900
120 220
757 857
877 962
166 266
868 968
1034 1040
280 380
387 487
667 668
726 826
760 860
1486 967
471 571
971 1071
1442 1301
599 699
663 763
1262 1413
526 626
994 1094
1520 1526
598 698
650 750
1248 1424
73 173
415 515
488 678
235 335
996 1096
1231 1333
520 620
710 810
1230 1077
473 573
642 742
1115 1236
32 132
111 211
143 334
334 434
719 819
1053 1035
19 119
632 732
651 747
650 750
921 1021
1571 1512
250 350
486 586
736 722
618 718
723 823
1341 917
357 457
679 779
1036 1100
384 484
866 966
1250 1424
812 912
856 956
1668 1255
437 537
874 974
1311 1504
193 293
764 864
957 894
288 388
883 983
1171 1200
849 949
866 966
1715 1694
374 474
612 712
986 835
271 371
548 648
819 697
364 464
414 514
778 649
293 393
762 862
1055 1099
199 299
870 970
1069 1164
130 230
514 614
644 765
193 293
807 907
1000 1181
273 373
823 923
1096 935
11 111
130 230
141 315
48 148
826 926
874 965
95 195
600 700
695 787
184 284
559 659
743 752
511 611
875 975
1386 1183
358 458
797 897
1155 1215
444 544
497 597
941 801
483 583
897 997
1380 1488
259 359
375 475
634 646
248 348
453 553
701 896
236 336
382 482
618 533
241 341
512 612
753 771
529 629
781 881
1310 1473
380 480
519 619
899 791
8 108
779 879
787 940
137 237
197 297
334 361
318 418
787 887
1105 1269
624 724
978 1078
1602 1413
441 541
519 619
960 1116
606 706
750 850
1356 1300
97 197
204 304
301 463
680 780
833 933
1513 1655
224 324
958 1058
1182 1119
473 573
859 959
1332 1070
448 548
912 1012
1360 1114
648 748
898 998
1546 1527
409 509
958 1058
1367 1166
428 528
897 997
1325 1252
69 169
963 1063
1032 1077
58 158
617 717
675 762
126 226
327 427
453 557
228 328
702 802
930 1061
70 170
789 889
859 952
711 811
737 837
1448 1527
440 540
925 1025
1365 1126
664 764
867 967
1531 1663
229 329
437 537
666 555
379 479
763 863
1142 1005
215 315
487 587
702 694
572 672
877 977
1449 1087
56 156
938 1038
994 1097
108 208
559 659
667 855
65 165
101 201
166 336
471 571
725 825
1196 1329
25 125
330 430
355 498
222 322
876 976
1098 1053
494 594
905 1005
1399 1052
96 196
372 472
468 662
434 534
848 948
1282 1101
819 919
918 1018
1737 1854
402 502
545 645
947 802
541 641
783 883
1324 926
181 281
554 654
735 807
246 346
942 1042
1188 1339
887 987
910 1010
1797 1335
652 752
832 932
1484 1670
39 139
818 918
857 1015
259 359
381 481
640 832
224 324
961 1061
1185 1146
120 220
235 335
355 417
448 548
526 626
974 700
584 684
746 846
1330 1380
247 347
496 596
743 802
150 250
950 1050
1100 1166
943 1043
958 1058
1901 1899
277 377
785 885
1062 1019
211 311
489 589
700 727
178 278
485 585
663 721
315 415
634 734
949 825
72 172
521 621
593 670
51 151
128 228
179 237
571 671
648 748
1219 763
326 426
663 763
989 812
740 840
940 1040
1680 1156
269 369
736 836
1005 1000
244 344
888 988
1132 1328
123 223
720 820
843 922
467 567
933 1033
1400 1189
460 560
866 966
1326 1452
144 244
633 733
777 849
279 379
919 1019
1198 1125
818 918
837 937
1655 1098
164 264
404 504
568 508
344 444
699 799
1043 1085
486 586
750 850
1236 861
563 663
611 711
1174 1138
190 290
625 725
815 969
98 198
984 1084
1082 1200
771 871
842 942
1613 1212
103 203
862 962
965 972
12 112
153 253
165 303
960 1060
1000 1100
1960 2087
673 773
960 1060
1633 1214
415 515
961 1061
1376 1158
176 276
228 328
404 394
76 176
249 349
325 390
7 107
132 232
139 234
249 349
602 702
851 995
628 728
820 920
1448 1261
798 898
964 1064
1762 1638
95 195
149 249
244 351
85 185
230 330
315 357
362 462
424 524
786 532
389 489
833 933
1222 1049
161 261
211 311
372 389
188 288
962 1062
1150 1198
518 618
938 1038
1456 1208
23 123
278 378
301 438
668 768
995 1095
1663 1210
693 793
730 830
1423 1127
312 412
945 1045
1257 1384
870 970
960 1060
1830 1466
531 631
577 677
1108 816
30 130
686 786
716 875
466 566
487 587
953 837
859 959
895 995
1754 1234
117 217
920 1020
1037 1230
513 613
920 1020
1433 1612
36 136
160 260
196 385
590 690
915 1015
1505 1688
185 285
741 841
926 1064
747 847
871 971
1618 1141
42 142
738 838
780 964
264 364
692 792
956 1012
534 634
975 1075
1509 1698
111 211
703 803
814 827
322 422
490 590
812 965
375 475
414 514
789 617
325 425
655 755
980 980
695 795
793 893
1488 1144
31 131
320 420
351 518
211 311
241 341
452 563
512 612
887 987
1399 1176
331 431
786 886
1117 1156
887 987
983 1083
1870 1842
122 222
863 963
985 1018
153 253
436 536
589 675
110 210
748 848
858 993
45 145
488 588
533 681
21 121
809 909
830 920
331 431
603 703
934 893
460 560
624 724
1084 1077
16 116
167 267
183 290
78 178
885 985
963 1049
373 473
667 767
1040 1197
62 162
378 478
440 495
308 408
618 718
926 965
238 338
458 558
696 574
393 493
673 773
1066 802
755 855
934 1034
1689 1884
635 735
642 742
1277 1073
53 153
842 942
895 1077
429 529
732 832
1161 947
319 419
375 475
694 669
461 561
667 767
1128 1254
252 352
373 473
625 780
137 237
973 1073
1110 1122
125 225
518 618
643 681
182 282
323 423
505 441
421 521
793 893
1214 1048
255 355
577 677
832 1008
179 279
233 333
412 571
413 513
972 1072
1385 1342
645 745
713 813
1358 1092
574 674
918 1018
1492 1360
253 353
321 421
574 692
398 498
447 547
845 819
411 511
856 956
1267 1151
742 842
884 984
1626 1058
29 129
490 590
519 706
43 143
283 383
326 469
422 522
727 827
1149 895
841 941
936 1036
1777 1859
508 608
957 1057
1465 1374
178 278
615 715
793 949
133 233
609 709
742 789
28 128
522 622
550 665
366 466
749 849
1115 905
674 774
709 809
1383 1007
732 832
914 1014
1646 1086
55 155
730 830
785 953
244 344
590 690
834 957
43 143
976 1076
1019 1164
132 232
569 669
701 847
376 476
544 644
920 991
324 424
966 1066
1290 1206
697 797
750 850
1447 981
267 367
513 613
780 890
202 302
506 606
708 862
638 738
993 1093
1631 1399
626 726
693 793
1319 808
503 603
582 682
1085 1061
292 392
812 912
1104 1044
294 394
466 566
760 686
388 488
907 1007
1295 1226
170 270
397 497
567 525
514 614
788 888
1302 1438
199 299
831 931
1030 1058
656 756
704 804
1360 1437
550 650
814 914
1364 1477
178 278
753 853
931 1049
517 617
557 657
1074 1199
259 359
360 460
619 760
491 591
738 838
1229 909
156 256
387 487
543 514
457 557
565 665
1022 947
622 722
920 1020
1542 1313
503 603
538 638
1041 911
400 500
496 596
896 989
739 839
756 856
1495 1267
241 341
673 773
914 1072
549 649
990 1090
1539 1302
144 244
444 544
588 650
96 196
731 831
827 897
221 321
998 1098
1219 1300
345 445
529 629
874 823
690 790
777 877
1467 1352
483 583
493 593
976 1049
119 219
706 806
825 976
292 392
533 633
825 681
623 723
975 1075
1598 1152
50 150
925 1025
975 1080
48 148
918 1018
966 1063
149 249
670 770
819 973
307 407
823 923
1130 1242
406 506
664 764
1070 1095
244 344
883 983
1127 1203
256 356
996 1096
1252 1244
38 138
651 751
689 782
307 407
489 589
796 656
296 396
754 854
1050 905
94 194
973 1073
1067 1259
393 493
478 578
871 665
198 298
831 931
1029 1184
89 189
534 634
623 744
107 207
277 377
384 438
612 712
901 1001
1513 1463
165 265
316 416
481 537
315 415
803 903
1118 936
113 213
635 735
748 931
233 333
504 604
737 837
666 766
832 932
1498 1271
49 149
102 202
151 313
711 811
818 918
1529 1117
65 165
995 1095
1060 1258
98 198
314 414
412 606
61 161
477 577
538 683
33 133
282 382
315 387
304 404
838 938
1142 1240
819 919
891 991
1710 1144
159 259
245 345
404 367
725 825
891 991
1616 1368
167 267
338 438
505 702
90 190
225 325
315 467
305 405
592 692
897 884
369 469
444 544
813 761
863 963
884 984
1747 1352
74 174
298 398
372 474
572 672
635 735
1207 745
62 162
322 422
384 557
65 165
805 905
870 978
61 161
602 702
663 828
447 547
830 930
1277 999
25 125
255 355
280 367
15 115
385 485
400 503
938 1038
973 1073
1911 1984
70 170
717 817
787 850