464860 2400
819 919
944 1044
1763 1446
85 185
893 993
978 997
287 387
515 615
802 706
465 565
668 768
1133 995
197 297
286 386
483 551
65 165
978 1078
1043 1204
130 230
168 268
298 320
90 190
434 534
524 712
727 827
975 1075
1702 1440
395 495
570 670
965 897
321 421
965 1065
1286 1461
29 129
457 557
486 608
638 738
735 835
1373 1204
181 281
747 847
928 947
29 129
545 645
574 684
851 951
917 1017
1768 1718
355 455
851 951
1206 1184
168 268
831 931
999 965
302 402
437 537
739 913
4 104
531 631
535 713
424 524
957 1057
1381 1437
648 748
837 937
1485 1246
494 594
566 666
1060 1081
451 551
712 812
1163 1358
82 182
602 702
684 759
340 440
453 553
793 697
334 434
986 1086
1320 1504
368 468
407 507
775 541
212 312
636 736
848 1047
185 285
446 546
631 754
81 181
975 1075
1056 1199
35 135
464 564
499 668
320 420
355 455
675 503
502 602
531 631
1033 901
652 752
855 955
1507 1233
594 694
722 822
1316 1109
211 311
945 1045
1156 1250
74 174
396 496
470 523
220 320
869 969
1089 1109
94 194
993 1093
1087 1127
819 919
920 1020
1739 1818
183 283
468 568
651 823
558 658
956 1056
1514 1241
640 740
907 1007
1547 1382
278 378
560 660
838 693
70 170
954 1054
1024 1138
226 326
563 663
789 781
27 127
698 798
725 889
375 475
578 678
953 739
941 1041
1000 1100
1941 1237
656 756
834 934
1490 1499
640 740
987 1087
1627 1172
288 388
335 435
623 634
15 115
865 965
880 1037
447 547
554 654
1001 974
266 366
544 644
810 803
850 950
946 1046
1796 1654
697 797
743 843
1440 1577
433 533
505 605
938 851
453 553
996 1096
1449 1119
374 474
629 729
1003 1069
666 766
966 1066
1632 1547
253 353
432 532
685 698
251 351
434 534
685 548
40 140
537 637
577 682
16 116
104 204
120 319
15 115
201 301
216 390
245 345
671 771
916 825
332 432
412 512
744 583
86 186
500 600
586 680
882 982
980 1080
1862 2002
708 808
896 996
1604 1287
535 635
623 723
1158 997
366 466
373 473
739 758
55 155
523 623
578 677
166 266
492 592
658 809
195 295
642 742
837 792
282 382
694 794
976 914
229 329
964 1064
1193 1353
112 212
268 368
380 573
51 151
103 203
154 256
129 229
357 457
486 636
310 410
513 613
823 947
173 273
987 1087
1160 1143
219 319
404 504
623 640
404 504
657 757
1061 1258
226 326
651 751
877 898
564 664
631 731
1195 803
56 156
986 1086
1042 1214
387 487
726 826
1113 875
385 485
642 742
1027 946
291 391
890 990
1181 1121
134 234
919 1019
1053 1123
416 516
458 558
874 699
524 624
684 784
1208 966
427 527
678 778
1105 842
380 480
824 924
1204 1078
5 105
180 280
185 342
52 152
840 940
892 1000
686 786
871 971
1557 1031
512 612
996 1096
1508 1226
56 156
105 205
161 242
491 591
908 1008
1399 1425
216 316
929 1029
1145 1056
459 559
811 911
1270 1435
269 369
783 883
1052 1148
269 369
517 617
786 881
488 588
993 1093
1481 1215
742 842
924 1024
1666 1752
149 249
677 777
826 1020
481 581
825 925
1306 1269
280 380
867 967
1147 1325
760 860
864 964
1624 1770
639 739
785 885
1424 1292
32 132
817 917
849 993
210 310
396 496
606 755
141 241
648 748
789 898
538 638
570 670
1108 1275
622 722
767 867
1389 1170
123 223
882 982
1005 1137
851 951
963 1063
1814 1358
473 573
705 805
1178 1139
316 416
420 520
736 748
149 249
636 736
785 955
267 367
409 509
676 722
396 496
848 948
1244 1299
147 247
452 552
599 697
410 510
916 1016
1326 1115
473 573
516 616
989 848
55 155
116 216
171 298
477 577
784 884
1261 1370
80 180
945 1045
1025 1182
716 816
984 1084
1700 1559
305 405
816 916
1121 984
12 112
939 1039
951 1125
886 986
970 1070
1856 1340
597 697
720 820
1317 837
178 278
628 728
806 1003
167 267
503 603
670 841
235 335
912 1012
1147 1340
270 370
885 985
1155 1293
684 784
699 799
1383 1306
315 415
406 506
721 597
590 690
856 956
1446 1295
28 128
455 555
483 609
224 324
395 495
619 613
337 437
808 908
1145 1261
131 231
771 871
902 1017
548 648
908 1008
1456 1289
483 583
922 1022
1405 1078
668 768
968 1068
1636 1691
276 376
494 594
770 847
403 503
635 735
1038 1201
634 734
908 1008
1542 1350
332 432
423 523
755 549
229 329
314 414
543 507
387 487
933 1033
1320 1200
658 758
743 843
1401 1066
318 418
751 851
1069 980
181 281
199 299
380 321
706 806
729 829
1435 1367
381 481
642 742
1023 815
474 574
882 982
1356 1082
270 370
671 771
941 1046
249 349
560 660
809 754
249 349
449 549
698 882
70 170
230 330
300 341
758 858
819 919
1577 1062
133 233
476 576
609 801
680 780
842 942
1522 1671
91 191
445 545
536 663
83 183
699 799
782 906
210 310
624 724
834 889
393 493
986 1086
1379 1475
244 344
785 885
1029 1070
54 154
171 271
225 300
83 183
233 333
316 426
14 114
849 949
863 986
523 623
603 703
1126 1233
815 915
937 1037
1752 1760
529 629
968 1068
1497 1266
202 302
828 928
1030 1202
546 646
701 801
1247 956
380 480
796 896
1176 1310
328 428
780 880
1108 883
78 178
261 361
339 362
691 791
776 876
1467 1521
147 247
820 920
967 1166
677 777
758 858
1435 1317
196 296
571 671
767 800
40 140
785 885
825 946
841 941
994 1094
1835 1230
323 423
652 752
975 836
700 800
984 1084
1684 1487
124 224
475 575
599 797
705 805
923 1023
1628 1328
280 380
813 913
1093 931
100 200
792 892
892 937
189 289
737 837
926 896
142 242
310 410
452 560
362 462
792 892
1154 1201
32 132
384 484
416 507
399 499
752 852
1151 1080
169 269
417 517
586 608
83 183
452 552
535 673
527 627
636 736
1163 897
316 416
739 839
1055 1241
249 349
884 984
1133 1275
134 234
804 904
938 919
610 710
875 975
1485 1482
834 934
998 1098
1832 1607
100 200
294 394
394 450
165 265
386 486
551 490
144 244
921 1021
1065 1183
566 666
826 926
1392 1098
218 318
300 400
518 477
181 281
467 567
648 757
415 515
522 622
937 647
449 549
881 981
1330 1489
178 278
623 723
801 937
41 141
889 989
930 1115
118 218
881 981
999 1050
829 929
940 1040
1769 1715
612 712
881 981
1493 1126
68 168
276 376
344 443
141 241
958 1058
1099 1099
640 740
848 948
1488 1036
733 833
902 1002
1635 1655
554 654
716 816
1270 981
182 282
449 549
631 728
73 173
542 642
615 748
48 148
271 371
319 428
455 555
809 909
1264 1349
413 513
899 999
1312 1300
589 689
998 1098
1587 1648
491 591
662 762
1153 1286
358 458
964 1064
1322 1297
56 156
411 511
467 515
93 193
530 630
623 643
498 598
857 957
1355 1049
108 208
363 463
471 486
901 1001
912 1012
1813 1127
53 153
859 959
912 1022
448 548
551 651
999 948
96 196
394 494
490 590
751 851
911 1011
1662 1419
12 112
923 1023
935 1056
361 461
894 994
1255 995
615 715
738 838
1353 1265
736 836
738 838
1474 1500
567 667
925 1025
1492 1158
102 202
453 553
555 606
115 215
908 1008
1023 1088
667 767
853 953
1520 1357
651 751
997 1097
1648 1580
364 464
788 888
1152 1301
841 941
902 1002
1743 1685
493 593
950 1050
1443 1377
746 846
773 873
1519 1149
597 697
991 1091
1588 1590
319 419
814 914
1133 1248
156 256
529 629
685 680
91 191
288 388
379 407
767 867
790 890
1557 1398
77 177
103 203
180 360
255 355
633 733
888 1006
320 420
829 929
1149 1316
216 316
929 1029
1145 1173
545 645
944 1044
1489 1286
38 138
294 394
332 515
661 761
895 995
1556 1751
364 464
711 811
1075 1009
46 146
681 781
727 910
308 408
794 894
1102 1053
48 148
893 993
941 1050
77 177
727 827
804 978
548 648
639 739
1187 786
248 348
349 449
597 700
174 274
870 970
1044 1140
16 116
129 229
145 267
679 779
937 1037
1616 1810
704 804
843 943
1547 1338
238 338
871 971
1109 1127
719 819
864 964
1583 1576
343 443
746 846
1089 1064
202 302
248 348
450 395
761 861
906 1006
1667 1488
275 375
570 670
845 716
151 251
755 855
906 1083
760 860
901 1001
1661 1154
660 760
760 860
1420 927
286 386
520 620
806 946
676 776
956 1056
1632 1387
97 197
651 751
748 906
92 192
378 478
470 640
63 163
709 809
772 830
171 271
507 607
678 853
436 536
766 866
1202 1364
326 426
511 611
837 747
280 380
714 814
994 1150
357 457
746 846
1103 1169
41 141
295 395
336 516
716 816
962 1062
1678 1576
295 395
414 514
709 770
231 331
600 700
831 752
817 917
935 1035
1752 1764
441 541
895 995
1336 1149
222 322
294 394
516 614
37 137
477 577
514 692
825 925
963 1063
1788 1898
225 325
356 456
581 478
26 126
619 719
645 804
83 183
978 1078
1061 1143
903 1003
927 1027
1830 2021
267 367
369 469
636 582
591 691
734 834
1325 1266
95 195
786 886
881 920
860 960
890 990
1750 1138
289 389
443 543
732 632
927 1027
980 1080
1907 2068
443 543
825 925
1268 1415
573 673
660 760
1233 1022
98 198
819 919
917 932
804 904
807 907
1611 1691
328 428
466 566
794 752
47 147
773 873
820 900
779 879
893 993
1672 1058
179 279
625 725
804 759
177 277
892 992
1069 1206
407 507
831 931
1238 1032
2 102
720 820
722 901
57 157
467 567
524 637
105 205
120 220
225 266
131 231
618 718
749 868
199 299
847 947
1046 964
42 142
165 265
207 351
286 386
310 410
596 595
275 375
746 846
1021 1043
575 675
794 894
1369 1305
170 270
898 998
1068 1036
244 344
563 663
807 768
176 276
605 705
781 834
302 402
646 746
948 760
441 541
841 941
1282 1047
169 269
213 313
382 326
765 865
925 1025
1690 1416
277 377
947 1047
1224 1414
455 555
606 706
1061 1256
758 858
785 885
1543 1510
392 492
684 784
1076 845
282 382
536 636
818 790
441 541
929 1029
1370 1203
644 744
688 788
1332 1122
883 983
914 1014
1797 1264
120 220
620 720
740 857
408 508
449 549
857 1038
464 564
641 741
1105 1101
569 669
798 898
1367 962
516 616
713 813
1229 1152
603 703
963 1063
1566 1231
226 326
367 467
593 700
74 174
673 773
747 819
482 582
627 727
1109 1173
222 322
713 813
935 829
316 416
838 938
1154 1329
415 515
661 761
1076 851
230 330
788 888
1018 1139
360 460
859 959
1219 1000
452 552
921 1021
1373 1434
75 175
927 1027
1002 1125
38 138
417 517
455 593
166 266
770 870
936 1027
241 341
767 867
1008 1093
264 364
928 1028
1192 1087
389 489
620 720
1009 734
602 702
910 1010
1512 1308
31 131
174 274
205 395
338 438
390 490
728 814
415 515
610 710
1025 850
683 783
923 1023
1606 1722
360 460
394 494
754 603
685 785
862 962
1547 1174
498 598
637 737
1135 1276
257 357
546 646
803 742
174 274
354 454
528 603
644 744
959 1059
1603 1647
803 903
814 914
1617 940
114 214
749 849
863 962
103 203
950 1050
1053 1220
484 584
831 931
1315 1370
658 758
735 835
1393 1146
20 120
878 978
898 1068
54 154
510 610
564 709
280 380
970 1070
1250 1194
486 586
511 611
997 1161
571 671
786 886
1357 1142
272 372
679 779
951 1004
14 114
109 209
123 284
546 646
876 976
1422 984
42 142
887 987
929 1120
27 127
490 590
517 688
412 512
613 713
1025 788
807 907
900 1000
1707 1142
647 747
940 1040
1587 1147
288 388
399 499
687 707
531 631
874 974
1405 1162
216 316
948 1048
1164 1088
606 706
722 822
1328 1020
64 164
626 726
690 831
792 892
823 923
1615 1010
300 400
428 528
728 758
346 446
589 689
935 1060
748 848
982 1082
1730 1176
327 427
565 665
892 734
488 588
865 965
1353 1236
644 744
826 926
1470 1082
369 469
993 1093
1362 1295
172 272
352 452
524 496
305 405
970 1070
1275 1301
19 119
934 1034
953 1144
308 408
355 455
663 606
530 630
670 770
1200 1383
55 155
659 759
714 890
468 568
706 806
1174 893
102 202
885 985
987 1168
151 251
346 446
497 485
6 106
989 1089
995 1186
208 308
708 808
916 929
469 569
982 1082
1451 1084
341 441
592 692
933 1014
44 144
498 598
542 683
495 595
793 893
1288 1069
224 324
618 718
842 1034
325 425
789 889
1114 967
48 148
884 984
932 987
290 390
670 770
960 934
103 203
381 481
484 632
212 312
750 850
962 936
812 912
999 1099
1811 1999
148 248
342 442
490 552
5 105
992 1092
997 1094
267 367
453 553
720 660
458 558
794 894
1252 1000
247 347
853 953
1100 1026
427 527
957 1057
1384 1261
845 945
849 949
1694 1230
630 730
818 918
1448 1325
227 327
247 347
474 481
470 570
796 896
1266 983
725 825
847 947
1572 1730
133 233
614 714
747 795
138 238
841 941
979 953
652 752
771 871
1423 1619
823 923
895 995
1718 1210
240 340
664 764
904 1006
319 419
917 1017
1236 1209
484 584
924 1024
1408 1482
274 374
434 534
708 673
524 624
810 910
1334 993
333 433
944 1044
1277 1092
233 333
946 1046
1179 1290
604 704
708 808
1312 1493
149 249
823 923
972 1053
434 534
743 843
1177 1338
715 815
985 1085
1700 1731
300 400
600 700
900 894
341 441
437 537
778 722
619 719
676 776
1295 1343
844 944
890 990
1734 1770
501 601
980 1080
1481 1461
14 114
802 902
816 944
81 181
676 776
757 820
24 124
260 360
284 458
540 640
871 971
1411 1146
170 270
349 449
519 591
419 519
654 754
1073 974
148 248
248 348
396 587
731 831
950 1050
1681 1861
416 516
444 544
860 831
452 552
859 959
1311 999
407 507
568 668
975 730
131 231
261 361
392 519
340 440
349 449
689 705
103 203
160 260
263 437
866 966
953 1053
1819 1652
326 426
775 875
1101 1235
743 843
774 874
1517 1074
690 790
771 871
1461 1529
696 796
907 1007
1603 1377
790 890
913 1013
1703 1316
122 222
732 832
854 1003
155 255
948 1048
1103 1167
278 378
692 792
970 1127
226 326
770 870
996 914
639 739
664 764
1303 1112
585 685
730 830
1315 1364
40 140
404 504
444 624
907 1007
964 1064
1871 1697
251 351
571 671
822 723
39 139
720 820
759 908
251 351
363 463
614 536
741 841
837 937
1578 1699
505 605
842 942
1347 1220
407 507
643 743
1050 1118
388 488
558 658
946 718
142 242
913 1013
1055 1225
83 183
827 927
910 1063
172 272
268 368
440 569
349 449
864 964
1213 1071
229 329
977 1077
1206 1380
739 839
827 927
1566 1491
397 497
689 789
1086 959
687 787
771 871
1458 1176
375 475
549 649
924 914
592 692
771 871
1363 1502
394 494
498 598
892 859
485 585
856 956
1341 1194
200 300
847 947
1047 1039
270 370
527 627
797 663
98 198
124 224
222 315
80 180
499 599
579 675
196 296
503 603
699 846
78 178
247 347
325 477
770 870
984 1084
1754 1318
418 518
699 799
1117 958
338 438
456 556
794 622
684 784
908 1008
1592 1519
638 738
945 1045
1583 1758
114 214
776 876
890 1005
633 733
796 896
1429 907
219 319
725 825
944 844
243 343
583 683
826 730
97 197
130 230
227 422
125 225
976 1076
1101 1188
318 418
950 1050
1268 1144
129 229
303 403
432 440
653 753
720 820
1373 1522
363 463
961 1061
1324 1180
694 794
957 1057
1651 1198
320 420
856 956
1176 1300
18 118
265 365
283 433
22 122
207 307
229 406
492 592
978 1078
1470 1543
386 486
677 777
1063 921
308 408
607 707
915 828
635 735
782 882
1417 1220
275 375
992 1092
1267 1233
411 511
543 643
954 787
382 482
864 964
1246 1284
494 594
828 928
1322 1171
239 339
293 393
532 418
292 392
837 937
1129 1120
366 466
747 847
1113 1165
132 232
549 649
681 784
176 276
872 972
1048 1194
348 448
547 647
895 806
209 309
246 346
455 504
157 257
356 456
513 556
309 409
354 454
663 571
99 199
369 469
468 607
568 668
821 921
1389 1036
13 113
46 146
59 213
76 176
411 511
487 519
299 399
898 998
1197 1064
186 286
260 360
446 458
227 327
901 1001
1128 1127
403 503
574 674
977 783
829 929
994 1094
1823 1372
234 334
492 592
726 846
268 368
551 651
819 866
293 393
832 932
1125 958
498 598
832 932
1330 1219
128 228
391 491
519 578
715 815
923 1023
1638 1249
134 234
413 513
547 664
131 231
677 777
808 966
365 465
947 1047
1312 1487
823 923
921 1021
1744 1647
605 705
757 857
1362 1359
135 235
635 735
770 746
347 447
439 539
786 974
716 816
906 1006
1622 1338
258 358
943 1043
1201 1311
451 551
570 670
1021 815
83 183
201 301
284 325
345 445
360 460
705 654
69 169
260 360
329 410
466 566
956 1056
1422 1478
134 234
607 707
741 849
41 141
617 717
658 764
320 420
786 886
1106 898
403 503
448 548
851 550
349 449
712 812
1061 1146
634 734
760 860
1394 1054
622 722
941 1041
1563 1116
16 116
98 198
114 293
420 520
953 1053
1373 1142
241 341
268 368
509 419
314 414
562 662
876 1057
549 649
971 1071
1520 1151
328 428
603 703
931 910
60 160
615 715
675 786
377 477
877 977
1254 1409
802 902
842 942
1644 1553
757 857
844 944
1601 1193
273 373
583 683
856 727
60 160
945 1045
1005 1068
12 112
112 212
124 286
279 379
340 440
619 506
351 451
802 902
1153 938
432 532
477 577
909 1055
499 599
697 797
1196 958
718 818
735 835
1453 1539
434 534
515 615
949 847
85 185
502 602
587 613
173 273
638 738
811 1003
19 119
777 877
796 930
229 329
757 857
986 910
409 509
759 859
1168 1075
58 158
404 504
462 515
390 490
724 824
1114 1178
296 396
972 1072
1268 1203
48 148
700 800
748 811
169 269
747 847
916 1093
138 238
816 916
954 1040
726 826
734 834
1460 1164
636 736
650 750
1286 901
817 917
927 1027
1744 1076
777 877
874 974
1651 1142
350 450
510 610
860 632
210 310
851 951
1061 980
571 671
641 741
1212 1085
682 782
932 1032
1614 1039
556 656
706 806
1262 829
130 230
592 692
722 803
481 581
921 1021
1402 1085
251 351
725 825
976 1062
289 389
481 581
770 886
53 153
232 332
285 455
758 858
819 919
1577 937
400 500
404 504
804 977
157 257
895 995
1052 1132
362 462
972 1072
1334 1200
77 177
938 1038
1015 1168
751 851
983 1083
1734 1423
111 211
350 450
461 514
330 430
609 709
939 807
25 125
545 645
570 721
742 842
756 856
1498 1394
253 353
560 660
813 780
549 649
624 724
1173 1112
446 546
770 870
1216 1097
25 125
770 870
795 876
199 299
722 822
921 853
785 885
857 957
1642 1004
52 152
329 429
381 504
641 741
781 881
1422 1038
54 154
297 397
351 460
870 970
895 995
1765 1339
227 327
566 666
793 901
545 645
605 705
1150 1263
34 134
227 327
261 422
784 884
916 1016
1700 1495
48 148
143 243
191 357
774 874
929 1029
1703 1298
295 395
419 519
714 548
17 117
668 768
685 780
258 358
622 722
880 824
162 262
395 495
557 507
323 423
484 584
807 649
88 188
739 839
827 961
68 168
363 463
431 539
41 141
794 894
835 1015
554 654
829 929
1383 1561
129 229
539 639
668 655
676 776
944 1044
1620 1650
568 668
852 952
1420 1316
27 127
435 535
462 573
288 388
984 1084
1272 1094
177 277
498 598
675 752
57 157
805 905
862 925
207 307
427 527
634 682
591 691
751 851
1342 1276
29 129
478 578
507 669
521 621
634 734
1155 1014
48 148
533 633
581 692
164 264
219 319
383 569
621 721
739 839
1360 1495
98 198
717 817
815 818
195 295
433 533
628 756
734 834
844 944
1578 1550
445 545
820 920
1265 1204
373 473
602 702
975 1072
128 228
198 298
326 304
329 429
862 962
1191 1101
409 509
508 608
917 677
22 122
31 131
53 174
233 333
701 801
934 921
252 352
810 910
1062 1188
57 157
303 403
360 420
160 260
934 1034
1094 1272
685 785
704 804
1389 1360
666 766
940 1040
1606 1237
196 296
828 928
1024 1072
688 788
758 858
1446 1484
219 319
642 742
861 781
216 316
656 756
872 1059
8 108
553 653
561 691
720 820
743 843
1463 1128
242 342
638 738
880 750
655 755
947 1047
1602 1168
624 724
877 977
1501 1181
366 466
601 701
967 985
604 704
899 999
1503 1006
256 356
957 1057
1213 1124
127 227
640 740
767 843
184 284
303 403
487 661
538 638
827 927
1365 1561
338 438
455 555
793 770
21 121
784 884
805 922
307 407
411 511
718 656
237 337
613 713
850 881
284 384
321 421
605 765
184 284
380 480
564 488
162 262
371 471
533 694
153 253
984 1084
1137 1243
82 182
550 650
632 745
670 770
710 810
1380 1017
526 626
603 703
1129 1122
95 195
430 530
525 616
699 799
841 941
1540 1092
54 154
762 862
816 937
199 299
231 331
430 546
71 171
102 202
173 255
346 446
949 1049
1295 1317
472 572
913 1013
1385 1270
332 432
971 1071
1303 1330
220 320
440 540
660 676
456 556
985 1085
1441 1283
26 126
903 1003
929 1115
57 157
295 395
352 484
75 175
104 204
179 206
842 942
872 972
1714 1554
46 146
379 479
425 518
334 434
951 1051
1285 1407
457 557
717 817
1174 991
103 203
522 622
625 687
909 1009
984 1084
1893 1984
259 359
598 698
857 951
243 343
994 1094
1237 1274
804 904
892 992
1696 1096
307 407
592 692
899 1030
221 321
261 361
482 448
654 754
692 792
1346 1460
441 541
748 848
1189 1123
498 598
967 1067
1465 1204
501 601
660 760
1161 1099
411 511
667 767
1078 856
295 395
896 996
1191 1030
398 498
407 507
805 900
178 278
377 477
555 665
562 662
826 926
1388 1237
190 290
313 413
503 581
178 278
890 990
1068 1056
501 601
814 914
1315 932
486 586
560 660
1046 803
425 525
676 776
1101 1198
525 625
791 891
1316 1353
357 457
552 652
909 993
789 889
935 1035
1724 1764
513 613
823 923
1336 1017
166 266
877 977
1043 1094
532 632
578 678
1110 972
370 470
759 859
1129 1187
474 574
614 714
1088 1083
737 837
781 881
1518 1576
761 861
905 1005
1666 1603
237 337
626 726
863 1062
102 202
246 346
348 438
87 187
925 1025
1012 1150
828 928
965 1065
1793 1662
109 209
665 765
774 866
331 431
586 686
917 942
155 255
672 772
827 788
53 153
870 970
923 1114
38 138
637 737
675 788
28 128
182 282
210 306
311 411
520 620
831 640
605 705
893 993
1498 1187
165 265
296 396
461 422
534 634
965 1065
1499 1505
205 305
513 613
718 820
199 299
523 623
722 846
40 140
86 186
126 200
474 574
934 1034
1408 1590
648 748
976 1076
1624 1399
661 761
1000 1100
1661 1641
277 377
923 1023
1200 1379
298 398
934 1034
1232 1054
137 237
247 347
384 471