496541 3000
370 470
865 965
1235 1161
526 626
859 959
1385 997
88 188
790 890
878 985
133 233
464 564
597 654
193 293
798 898
991 1025
117 217
718 818
835 834
266 366
913 1013
1179 1181
43 143
983 1083
1026 1125
282 382
673 773
955 978
113 213
878 978
991 981
871 971
973 1073
1844 1355
579 679
611 711
1190 1060
410 510
603 703
1013 960
5 105
743 843
748 890
366 466
720 820
1086 865
305 405
377 477
682 652
222 322
249 349
471 503
448 548
992 1092
1440 1185
85 185
983 1083
1068 1206
420 520
846 946
1266 1086
212 312
579 679
791 794
406 506
427 527
833 750
36 136
117 217
153 222
254 354
751 851
1005 946
993 1093
996 1096
1989 2160
91 191
832 932
923 1058
212 312
837 937
1049 1138
527 627
671 771
1198 1194
125 225
621 721
746 885
200 300
741 841
941 1060
445 545
620 720
1065 1064
291 391
836 936
1127 1003
545 645
940 1040
1485 1324
564 664
737 837
1301 1005
490 590
826 926
1316 1060
128 228
170 270
298 305
88 188
567 667
655 704
106 206
255 355
361 445
671 771
925 1025
1596 1389
151 251
801 901
952 1006
728 828
764 864
1492 1138
288 388
790 890
1078 1212
699 799
901 1001
1600 1305
62 162
789 889
851 916
327 427
745 845
1072 1053
631 731
826 926
1457 1446
85 185
619 719
704 781
425 525
443 543
868 996
221 321
547 647
768 670
706 806
728 828
1434 1095
36 136
311 411
347 534
122 222
572 672
694 690
21 121
735 835
756 894
210 310
578 678
788 954
563 663
634 734
1197 804
423 523
924 1024
1347 1133
521 621
885 985
1406 1054
589 689
825 925
1414 1186
436 536
859 959
1295 1137
589 689
902 1002
1491 1680
293 393
719 819
1012 830
344 444
887 987
1231 1130
75 175
227 327
302 347
578 678
919 1019
1497 1493
345 445
837 937
1182 1353
99 199
961 1061
1060 1253
205 305
601 701
806 943
525 625
618 718
1143 1069
281 381
370 470
651 673
811 911
966 1066
1777 1623
94 194
693 793
787 878
680 780
982 1082
1662 1172
17 117
803 903
820 946
104 204
550 650
654 660
279 379
337 437
616 756
183 283
809 909
992 1125
393 493
487 587
880 810
68 168
588 688
656 732
804 904
957 1057
1761 1780
463 563
672 772
1135 1289
369 469
902 1002
1271 1418
209 309
419 519
628 818
692 792
781 881
1473 1027
487 587
677 777
1164 962
440 540
824 924
1264 933
340 440
413 513
753 782
751 851
894 994
1645 1280
210 310
688 788
898 921
219 319
442 542
661 719
689 789
819 919
1508 1324
118 218
532 632
650 651
95 195
587 687
682 777
182 282
573 673
755 848
115 215
768 868
883 906
402 502
494 594
896 716
209 309
452 552
661 736
494 594
693 793
1187 1325
64 164
588 688
652 741
101 201
409 509
510 698
187 287
315 415
502 424
458 558
980 1080
1438 1266
515 615
616 716
1131 988
466 566
964 1064
1430 1536
107 207
172 272
279 288
406 506
667 767
1073 1138
527 627
993 1093
1520 1529
683 783
947 1047
1630 1580
287 387
968 1068
1255 1162
107 207
291 391
398 495
180 280
948 1048
1128 1140
444 544
762 862
1206 1284
133 233
350 450
483 453
105 205
659 759
764 898
255 355
609 709
864 895
272 372
484 584
756 693
292 392
904 1004
1196 1117
84 184
766 866
850 955
127 227
497 597
624 758
768 868
869 969
1637 990
724 824
902 1002
1626 1135
313 413
727 827
1040 1011
522 622
632 732
1154 928
260 360
670 770
930 831
251 351
615 715
866 868
319 419
696 796
1015 867
287 387
313 413
600 538
151 251
874 974
1025 1157
607 707
627 727
1234 930
945 1045
957 1057
1902 1821
136 236
397 497
533 619
631 731
958 1058
1589 1679
12 112
499 599
511 621
77 177
320 420
397 451
825 925
878 978
1703 1414
512 612
696 796
1208 936
378 478
614 714
992 800
38 138
958 1058
996 1094
336 436
907 1007
1243 1221
185 285
887 987
1072 1239
256 356
864 964
1120 1077
790 890
867 967
1657 1723
168 268
562 662
730 872
133 233
700 800
833 834
230 330
612 712
842 850
137 237
356 456
493 538
756 856
995 1095
1751 1538
744 844
925 1025
1669 1200
381 481
624 724
1005 1050
399 499
417 517
816 1004
310 410
753 853
1063 983
163 263
534 634
697 840
200 300
445 545
645 563
265 365
641 741
906 1062
673 773
866 966
1539 1091
724 824
996 1096
1720 1538
243 343
288 388
531 592
468 568
510 610
978 860
282 382
500 600
782 826
108 208
914 1014
1022 1161
116 216
413 513
529 660
149 249
810 910
959 1069
28 128
971 1071
999 1117
90 190
109 209
199 364
166 266
602 702
768 899
109 209
878 978
987 1119
511 611
724 824
1235 1213
270 370
297 397
567 668
25 125
898 998
923 1108
473 573
786 886
1259 891
910 1010
946 1046
1856 1961
246 346
668 768
914 796
667 767
863 963
1530 1283
426 526
656 756
1082 1146
855 955
926 1026
1781 1206
405 505
956 1056
1361 1321
224 324
753 853
977 1101
212 312
497 597
709 706
6 106
888 988
894 1007
445 545
846 946
1291 1109
259 359
389 489
648 718
288 388
645 745
933 824
76 176
893 993
969 1080
394 494
497 597
891 946
58 158
399 499
457 581
23 123
290 390
313 474
576 676
732 832
1308 1236
501 601
871 971
1372 1141
352 452
958 1058
1310 1332
136 236
313 413
449 552
383 483
591 691
974 1061
47 147
482 582
529 636
160 260
871 971
1031 995
119 219
537 637
656 718
202 302
305 405
507 450
465 565
895 995
1360 1294
483 583
773 873
1256 980
565 665
816 916
1381 1334
444 544
695 795
1139 1291
547 647
724 824
1271 1293
252 352
432 532
684 756
39 139
641 741
680 865
647 747
888 988
1535 1020
8 108
878 978
886 1058
151 251
248 348
399 463
697 797
785 885
1482 1498
440 540
451 551
891 1070
596 696
804 904
1400 1123
287 387
782 882
1069 888
675 775
984 1084
1659 1705
768 868
919 1019
1687 1580
53 153
94 194
147 261
519 619
543 643
1062 1142
727 827
852 952
1579 1774
466 566
616 716
1082 996
48 148
396 496
444 507
170 270
732 832
902 973
121 221
451 551
572 647
197 297
551 651
748 883
686 786
864 964
1550 1527
566 666
899 999
1465 1131
351 451
744 844
1095 1059
225 325
263 363
488 372
619 719
852 952
1471 1634
73 173
895 995
968 1022
259 359
320 420
579 543
254 354
443 543
697 596
135 235
612 712
747 828
513 613
582 682
1095 814
313 413
530 630
843 903
544 644
667 767
1211 1179
165 265
547 647
712 682
41 141
791 891
832 986
216 316
853 953
1069 1268
22 122
807 907
829 1010
204 304
709 809
913 1062
254 354
720 820
974 1074
694 794
767 867
1461 1168
294 394
585 685
879 714
85 185
656 756
741 835
13 113
102 202
115 236
363 463
630 730
993 834
160 260
558 658
718 807
247 347
535 635
782 966
184 284
819 919
1003 1001
413 513
414 514
827 585
274 374
953 1053
1227 1172
446 546
997 1097
1443 1386
88 188
520 620
608 774
63 163
389 489
452 612
351 451
356 456
707 674
145 245
775 875
920 1101
535 635
934 1034
1469 1563
362 462
739 839
1101 1298
697 797
741 841
1438 1064
383 483
747 847
1130 1168
557 657
751 851
1308 875
104 204
245 345
349 503
208 308
521 621
729 639
44 144
97 197
141 201
191 291
731 831
922 938
629 729
826 926
1455 1631
345 445
372 472
717 532
258 358
853 953
1111 1205
143 243
248 348
391 352
38 138
460 560
498 597
618 718
717 817
1335 1164
491 591
985 1085
1476 1297
102 202
346 446
448 637
287 387
511 611
798 724
38 138
992 1092
1030 1215
574 674
626 726
1200 1176
167 267
294 394
461 509
638 738
954 1054
1592 1679
603 703
750 850
1353 1395
49 149
1000 1100
1049 1134
290 390
649 749
939 923
284 384
928 1028
1212 1072
204 304
547 647
751 710
637 737
654 754
1291 1054
560 660
661 761
1221 1252
187 287
666 766
853 972
48 148
727 827
775 942
680 780
906 1006
1586 1562
486 586
566 666
1052 818
547 647
736 836
1283 1384
8 108
391 491
399 576
212 312
561 661
773 914
74 174
738 838
812 870
111 211
960 1060
1071 1099
400 500
997 1097
1397 1398
241 341
823 923
1064 931
178 278
686 786
864 854
110 210
349 449
459 548
354 454
465 565
819 825
133 233
761 861
894 1069
241 341
385 485
626 528
603 703
970 1070
1573 1720
603 703
817 917
1420 1211
152 252
981 1081
1133 1191
447 547
773 873
1220 886
99 199
445 545
544 680
141 241
939 1039
1080 1235
252 352
295 395
547 710
90 190
856 956
946 1004
569 669
835 935
1404 1172
112 212
815 915
927 1057
16 116
834 934
850 949
290 390
862 962
1152 1160
12 112
575 675
587 705
189 289
242 342
431 432
149 249
716 816
865 844
146 246
707 807
853 868
403 503
968 1068
1371 1283
215 315
254 354
469 447
162 262
634 734
796 986
359 459
408 508
767 564
41 141
103 203
144 286
279 379
979 1079
1258 1144
346 446
902 1002
1248 1331
185 285
519 619
704 856
100 200
981 1081
1081 1227
319 419
406 506
725 848
412 512
925 1025
1337 1455
84 184
662 762
746 799
307 407
786 886
1093 953
5 105
975 1075
980 1108
344 444
677 777
1021 1152
540 640
795 895
1335 1167
347 447
861 961
1208 1294
225 325
459 559
684 577
414 514
873 973
1287 1284
425 525
572 672
997 854
319 419
658 758
977 964
433 533
637 737
1070 1002
149 249
864 964
1013 1132
712 812
931 1031
1643 1408
681 781
705 805
1386 1462
280 380
408 508
688 649
404 504
687 787
1091 1227
332 432
978 1078
1310 1090
810 910
1000 1100
1810 1947
258 358
855 955
1113 1216
396 496
812 912
1208 926
791 891
898 998
1689 1032
447 547
555 655
1002 817
147 247
324 424
471 526
596 696
897 997
1493 1402
19 119
379 479
398 516
191 291
622 722
813 769
85 185
286 386
371 463
159 259
315 415
474 547
80 180
126 226
206 305
839 939
874 974
1713 1140
669 769
836 936
1505 972
570 670
912 1012
1482 1473
219 319
476 576
695 702
597 697
772 872
1369 1262
27 127
101 201
128 253
143 243
539 639
682 867
271 371
978 1078
1249 1096
602 702
945 1045
1547 1690
843 943
885 985
1728 1077
188 288
844 944
1032 1033
388 488
789 889
1177 1117
37 137
645 745
682 869
346 446
621 721
967 865
282 382
621 721
903 871
232 332
392 492
624 745
105 205
150 250
255 280
144 244
597 697
741 806
22 122
422 522
444 643
640 740
825 925
1465 1009
568 668
937 1037
1505 1181
614 714
962 1062
1576 1762
771 871
890 990
1661 1597
286 386
555 655
841 837
574 674
931 1031
1505 1637
304 404
462 562
766 942
510 610
648 748
1158 896
384 484
879 979
1263 1320
211 311
278 378
489 566
215 315
639 739
854 1039
409 509
427 527
836 665
783 883
993 1093
1776 1747
324 424
981 1081
1305 1205
88 188
903 1003
991 1157
866 966
921 1021
1787 1191
334 434
506 606
840 733
329 429
426 526
755 660
571 671
621 721
1192 782
447 547
857 957
1304 1053
92 192
306 406
398 516
226 326
811 911
1037 1002
598 698
786 886
1384 1425
302 402
394 494
696 693
23 123
210 310
233 318
16 116
458 558
474 606
514 614
762 862
1276 1182
517 617
932 1032
1449 1486
211 311
517 617
728 880
230 330
500 600
730 802
703 803
791 891
1494 1426
473 573
876 976
1349 1535
361 461
927 1027
1288 1278
650 750
876 976
1526 1220
142 242
292 392
434 491
479 579
787 887
1266 1243
39 139
381 481
420 610
497 597
678 778
1175 1283
173 273
394 494
567 563
513 613
526 626
1039 655
600 700
780 880
1380 1516
658 758
716 816
1374 1250
7 107
126 226
133 325
459 559
490 590
949 1022
571 671
763 863
1334 1226
392 492
569 669
961 1143
160 260
585 685
745 747
604 704
935 1035
1539 1639
210 310
562 662
772 930
571 671
690 790
1261 1022
190 290
446 546
636 750
391 491
454 554
845 613
155 255
892 992
1047 1047
319 419
968 1068
1287 1154
487 587
764 864
1251 1172
279 379
865 965
1144 1246
124 224
904 1004
1028 1053
870 970
995 1095
1865 1382
85 185
185 285
270 443
46 146
371 471
417 591
164 264
632 732
796 845
203 303
563 663
766 866
147 247
742 842
889 953
257 357
683 783
940 1021
840 940
986 1086
1826 1591
32 132
236 336
268 429
275 375
419 519
694 766
539 639
828 928
1367 1161
146 246
232 332
378 574
70 170
702 802
772 868
106 206
986 1086
1092 1276
899 999
947 1047
1846 1971
402 502
667 767
1069 1107
24 124
336 436
360 530
155 255
868 968
1023 1069
464 564
965 1065
1429 1283
151 251
953 1053
1104 1214
346 446
903 1003
1249 1154
328 428
463 563
791 582
324 424
470 570
794 871
41 141
43 143
84 154
365 465
529 629
894 874
269 369
350 450
619 513
2 102
264 364
266 386
489 589
971 1071
1460 1337
98 198
343 443
441 590
399 499
530 630
929 1029
496 596
744 844
1240 1011
723 823
775 875
1498 1312
104 204
337 437
441 531
692 792
989 1089
1681 1267
240 340
801 901
1041 978
396 496
735 835
1131 913
404 504
909 1009
1313 1290
390 490
411 511
801 961
22 122
102 202
124 305
62 162
226 326
288 469
881 981
936 1036
1817 1690
366 466
841 941
1207 1254
264 364
508 608
772 695
16 116
812 912
828 1006
135 235
458 558
593 686
88 188
468 568
556 594
278 378
783 883
1061 907
247 347
635 735
882 808
26 126
625 725
651 772
286 386
663 763
949 829
39 139
694 794
733 846
147 247
625 725
772 906
194 294
542 642
736 925
510 610
642 742
1152 983
765 865
844 944
1609 964
682 782
757 857
1439 1122
547 647
812 912
1359 1197
10 110
364 464
374 517
21 121
968 1068
989 1088
463 563
972 1072
1435 1096
160 260
249 349
409 355
116 216
136 236
252 441
63 163
248 348
311 374
5 105
576 676
581 703
623 723
625 725
1248 1223
176 276
841 941
1017 1169
343 443
515 615
858 655
216 316
357 457
573 630
929 1029
931 1031
1860 1192
677 777
959 1059
1636 1469
177 277
393 493
570 518
548 648
868 968
1416 1378
280 380
285 385
565 629
134 234
382 482
516 523
788 888
803 903
1591 1136
208 308
209 309
417 344
810 910
820 920
1630 992
83 183
861 961
944 1142
409 509
986 1086
1395 1326
628 728
741 841
1369 952
751 851
927 1027
1678 1134
553 653
709 809
1262 1220
802 902
835 935
1637 1585
203 303
361 461
564 575
429 529
633 733
1062 734
427 527
962 1062
1389 1416
60 160
908 1008
968 1021
533 633
592 692
1125 1011
657 757
773 873
1430 954
623 723
669 769
1292 829
720 820
793 893
1513 1564
32 132
902 1002
934 1035
487 587
850 950
1337 1422
827 927
990 1090
1817 1241
310 410
679 779
989 952
441 541
768 868
1209 934
10 110
324 424
334 434
403 503
609 709
1012 1136
254 354
379 479
633 483
272 372
691 791
963 1032
626 726
963 1063
1589 1181
302 402
500 600
802 714
348 448
373 473
721 723
425 525
996 1096
1421 1300
413 513
493 593
906 792
24 124
444 544
468 592
557 657
773 873
1330 874
130 230
896 996
1026 1207
15 115
163 263
178 325
160 260
312 412
472 608
205 305
661 761
866 964
207 307
342 442
549 470
375 475
728 828
1103 854
434 534
649 749
1083 822
365 465
999 1099
1364 1546
192 292
744 844
936 1046
127 227
901 1001
1028 1083
20 120
969 1069
989 1180
139 239
554 654
693 728
125 225
450 550
575 757
611 711
972 1072
1583 1467
167 267
902 1002
1069 1043
106 206
850 950
956 996
331 431
657 757
988 771
192 292
945 1045
1137 1104
361 461
865 965
1226 1268
85 185
518 618
603 681
893 993
894 994
1787 1027
180 280
336 436
516 644
402 502
536 636
938 933
911 1011
921 1021
1832 1964
516 616
857 957
1373 1364
319 419
672 772
991 930
529 629
948 1048
1477 1234
542 642
704 804
1246 1115
86 186
727 827
813 930
279 379
342 442
621 563
89 189
982 1082
1071 1209
423 523
678 778
1101 834
110 210
192 292
302 323
808 908
958 1058
1766 1084
521 621
833 933
1354 1294
657 757
759 859
1416 1302
193 293
547 647
740 717
403 503
726 826
1129 1154
391 491
908 1008
1299 1468
378 478
384 484
762 669
247 347
329 429
576 553
140 240
829 929
969 998
173 273
340 440
513 689
528 628
547 647
1075 943
243 343
602 702
845 928
67 167
987 1087
1054 1238
364 464
807 907
1171 1337
851 951
963 1063
1814 1329
54 154
113 213
167 345
140 240
812 912
952 1151
265 365
814 914
1079 919
173 273
843 943
1016 991
182 282
297 397
479 446
16 116
593 693
609 730
590 690
711 811
1301 1047
322 422
436 536
758 957
313 413
793 893
1106 1195
554 654
694 794
1248 804
576 676
722 822
1298 1488
616 716
900 1000
1516 1145
613 713
956 1056
1569 1686
357 457
819 919
1176 979
118 218
824 924
942 1116
847 947
864 964
1711 1215
324 424
570 670
894 1039
541 641
611 711
1152 1262
376 476
432 532
808 675
616 716
908 1008
1524 1123
512 612
982 1082
1494 1562
528 628
658 758
1186 895
68 168
963 1063
1031 1124
436 536
549 649
985 882
834 934
872 972
1706 1440
589 689
633 733
1222 1310
292 392
460 560
752 674
29 129
139 239
168 346
76 176
755 855
831 931
271 371
350 450
621 769
205 305
550 650
755 691
12 112
501 601
513 626
209 309
452 552
661 607
211 311
716 816
927 1068
103 203
104 204
207 384
247 347
846 946
1093 1185
49 149
175 275
224 386
85 185
808 908
893 984
49 149
785 885
834 913
496 596
916 1016
1412 1562
807 907
963 1063
1770 1797
168 268
680 780
848 859
482 582
961 1061
1443 1319
160 260
576 676
736 679
659 759
773 873
1432 1175
431 531
460 560
891 754
37 137
587 687
624 724
209 309
295 395
504 495
333 433
884 984
1217 1263
917 1017
950 1050
1867 1628
317 417
502 602
819 967
721 821
953 1053
1674 1844
278 378
318 418
596 646
535 635
636 736
1171 1074
512 612
655 755
1167 1066
175 275
703 803
878 911
491 591
525 625
1016 893
145 245
745 845
890 1044
97 197
866 966
963 1052
3 103
721 821
724 892
315 415
808 908
1123 1103
197 297
557 657
754 739
665 765
854 954
1519 956
3 103
774 874
777 945
131 231
139 239
270 434
350 450
854 954
1204 1215
89 189
122 222
211 281
444 544
950 1050
1394 1058
294 394
661 761
955 830
37 137
684 784
721 831
219 319
824 924
1043 1240
483 583
542 642
1025 1157
216 316
990 1090
1206 1328
75 175
670 770
745 944
578 678
974 1074
1552 1224
280 380
997 1097
1277 1375
500 600
878 978
1378 1103
667 767
953 1053
1620 1792
225 325
438 538
663 539
427 527
863 963
1290 1346
304 404
544 644
848 976
49 149
156 256
205 360
782 882
817 917
1599 1098
408 508
469 569
877 645
173 273
192 292
365 445
297 397
753 853
1050 984
385 485
440 540
825 977
179 279
416 516
595 619
586 686
609 709
1195 1006
496 596
814 914
1310 1140
245 345
692 792
937 1110
189 289
380 480
569 651
118 218
965 1065
1083 1159
208 308
489 589
697 663
108 208
819 919
927 939
384 484
882 982
1266 1094
271 371
523 623
794 671
84 184
614 714
698 723
200 300
722 822
922 1071
590 690
727 827
1317 1467
509 609
565 665
1074 993
317 417
520 620
837 718
140 240
524 624
664 637
167 267
966 1066
1133 1192
247 347
471 571
718 854
279 379
610 710
889 754
103 203
928 1028
1031 1075
503 603
609 709
1112 1295
223 323
928 1028
1151 1322
371 471
387 487
758 628
173 273
963 1063
1136 1233
29 129
846 946
875 1052
453 553
518 618
971 753
265 365
893 993
1158 1147
3 103
597 697
600 733
399 499
914 1014
1313 1421
142 242
444 544
586 729
216 316
273 373
489 512
264 364
631 731
895 945
416 516
872 972
1288 1382
351 451
881 981
1232 1115
238 338
811 911
1049 951
133 233
334 434
467 642
125 225
864 964
989 1185
128 228
711 811
839 1015
45 145
641 741
686 804
533 633
605 705
1138 779
155 255
552 652
707 859
589 689
605 705
1194 722
134 234
418 518
552 614
687 787
789 889
1476 1210
242 342
719 819
961 982
662 762
855 955
1517 1589
834 934
990 1090
1824 1498
714 814
790 890
1504 1208
164 264
342 442
506 680
9 109
136 236
145 262
76 176
923 1023
999 1030
445 545
846 946
1291 1308
278 378
334 434
612 680
772 872
957 1057
1729 1850
169 269
758 858
927 932
146 246
747 847
893 917
176 276
659 759
835 827
35 135
197 297
232 305
515 615
739 839
1254 1438
836 936
969 1069
1805 1800
262 362
967 1067
1229 1250
298 398
744 844
1042 1213
843 943
845 945
1688 1681
212 312
749 849
961 1126
744 844
828 928
1572 940
238 338
811 911
1049 1152
112 212
868 968
980 1130
218 318
358 458
576 671
562 662
942 1042
1504 1291
844 944
906 1006
1750 1685
69 169
661 761
730 878
860 960
989 1089
1849 1329
70 170
221 321
291 338
576 676
694 794
1270 852
98 198
810 910
908 1035
520 620
882 982
1402 1137
136 236
515 615
651 626
233 333
449 549
682 759
55 155
211 311
266 347
340 440
887 987
1227 1372
670 770
936 1036
1606 1680
115 215
444 544
559 603
116 216
682 782
798 947
82 182
424 524
506 614
547 647
667 767
1214 1231
445 545
641 741
1086 1084
332 432
651 751
983 1093
385 485
556 656
941 717
283 383
464 564
747 739
371 471
375 475
746 939
266 366
526 626
792 898
490 590
706 806
1196 885
483 583
620 720
1103 982
595 695
691 791
1286 1358
500 600
810 910
1310 1500
678 778
768 868
1446 1254
359 459
473 573
832 764
45 145
591 691
636 828
137 237
765 865
902 1071
20 120
269 369
289 487
223 323
947 1047
1170 1107
2 102
871 971
873 1044
277 377
793 893
1070 973
129 229
858 958
987 1068
104 204
106 206
210 408
105 205
412 512
517 624
718 818
962 1062
1680 1440
90 190
514 614
604 732
460 560
794 894
1254 929
197 297
847 947
1044 1185
41 141
636 736
677 811
352 452
826 926
1178 1288
100 200
637 737
737 934
496 596
537 637
1033 744
485 585
751 851
1236 1048
771 871
777 877
1548 1122
825 925
1000 1100
1825 1953
352 452
615 715
967 1151
277 377
506 606
783 645
606 706
756 856
1362 1541
109 209
845 945
954 960
227 327
700 800
927 828
44 144
483 583
527 686
369 469
855 955
1224 1318
17 117
632 732
649 752
94 194
544 644
638 801
119 219
670 770
789 832
747 847
956 1056
1703 1605
605 705
846 946
1451 1649
958 1058
959 1059
1917 1256
5 105
147 247
152 312
656 756
741 841
1397 854
836 936
904 1004
1740 1016
177 277
462 562
639 719
370 470
808 908
1178 1052
213 313
571 671
784 773
182 282
707 807
889 888
422 522
546 646
968 1122
325 425
455 555
780 935
434 534
711 811
1145 834
795 895
837 937
1632 1008
82 182
383 483
465 646
340 440
530 630
870 935
243 343
778 878
1021 1213
402 502
498 598
900 970
663 763
744 844
1407 1021
411 511
855 955
1266 1179
569 669
793 893
1362 911
646 746
701 801
1347 1468
420 520
462 562
882 706
37 137
914 1014
951 1128
520 620
944 1044
1464 1080
753 853
976 1076
1729 1460
313 413
342 442
655 651
39 139
720 820
759 898
210 310
661 761
871 853
151 251
964 1064
1115 1239
13 113
867 967
880 1038
732 832
822 922
1554 1318
496 596
587 687
1083 939
906 1006
907 1007
1813 1554
545 645
567 667
1112 896
221 321
612 712
833 984
170 270
523 623
693 707
146 246
427 527
573 725
25 125
848 948
873 1072
859 959
971 1071
1830 1585
927 1027
939 1039
1866 1153
550 650
738 838
1288 961
256 356
397 497
653 749
180 280
635 735
815 924
400 500
994 1094
1394 1096
556 656
557 657
1113 926
641 741
777 877
1418 1375
40 140
391 491
431 541
24 124
306 406
330 442
136 236
191 291
327 427
474 574
814 914
1288 1142
156 256
219 319
375 509
109 209
479 579
588 747
272 372
948 1048
1220 1363
263 363
779 879
1042 1160
410 510
468 568
878 1059
10 110
322 422
332 483
27 127
924 1024
951 1033
578 678
769 869
1347 1287
848 948
862 962
1710 1007
12 112
342 442
354 509
279 379
933 1033
1212 1061
660 760
906 1006
1566 1021
50 150
221 321
271 383
130 230
650 750
780 840
607 707
696 796
1303 1223
221 321
690 790
911 1049
440 540
842 942
1282 1335
244 344
956 1056
1200 1253
538 638
884 984
1422 1100
116 216
586 686
702 692
72 172
424 524
496 660
311 411
919 1019
1230 1403
60 160
306 406
366 462
399 499
672 772
1071 904
29 129
437 537
466 659
77 177
569 669
646 829
415 515
915 1015
1330 1169
38 138
496 596
534 731
94 194
778 878
872 972
580 680
728 828
1308 1499
235 335
317 417
552 537
598 698
846 946
1444 1340
32 132
483 583
515 657
267 367
366 466
633 490
187 287
394 494
581 627
481 581
940 1040
1421 1176
317 417
335 435
652 725
121 221
153 253
274 427
173 273
952 1052
1125 1166
45 145
302 402
347 492
659 759
785 885
1444 1258
468 568
651 751
1119 1122
355 455
833 933
1188 1315
52 152
429 529
481 639
522 622
617 717
1139 726
768 868
838 938
1606 1352
406 506
667 767
1073 916
553 653
983 1083
1536 1567
397 497
437 537
834 1010
211 311
732 832
943 1029
65 165
974 1074
1039 1159
202 302
516 616
718 737
425 525
761 861
1186 1291
545 645
958 1058
1503 1539
494 594
822 922
1316 1214
74 174
643 743
717 815
923 1023
953 1053
1876 1820
815 915
990 1090
1805 1485
289 389
321 421
610 530
145 245
604 704
749 759
873 973
903 1003
1776 1253
140 240
317 417
457 479
891 991
919 1019
1810 1492
7 107
245 345
252 392
736 836
904 1004
1640 1576
381 481
524 624
905 723
33 133
604 704
637 750
31 131
500 600
531 626
94 194
572 672
666 818
646 746
958 1058
1604 1693
46 146
84 184
130 202
180 280
426 526
606 549
161 261
329 429
490 439
783 883
905 1005
1688 1577
329 429
427 527
756 613
528 628
646 746
1174 762
23 123
568 668
591 702
244 344
745 845
989 1109
126 226
844 944
970 1117
719 819
960 1060
1679 1659
751 851
843 943
1594 1605
320 420
624 724
944 869
358 458
425 525
783 943
427 527
856 956
1283 1275
95 195
277 377
372 527
720 820
962 1062
1682 1419
18 118
311 411
329 509
124 224
265 365
389 579
10 110
180 280
190 288
816 916
888 988
1704 1816
844 944
975 1075
1819 1409
243 343
525 625
768 895
428 528
764 864
1192 1202
491 591
558 658
1049 1050
777 877
857 957
1634 1048
418 518
598 698
1016 758
120 220
347 447
467 524
349 449
696 796
1045 931
759 859
998 1098
1757 1582
565 665
785 885
1350 1541
726 826
818 918
1544 1001
391 491
706 806
1097 960
112 212
895 995
1007 1026
723 823
745 845
1468 1584
651 751
957 1057
1608 1067
165 265
576 676
741 856
80 180
548 648
628 764
25 125
710 810
735 863
339 439
719 819
1058 868
237 337
275 375
512 446
202 302
480 580
682 668
7 107
785 885
792 914
467 567
662 762
1129 1070
315 415
452 552
767 616
83 183
324 424
407 445
493 593
797 897
1290 980
373 473
921 1021
1294 1305
460 560
701 801
1161 1086
398 498
967 1067
1365 1361
18 118
336 436
354 497
181 281
370 470
551 586
512 612
895 995
1407 1250
883 983
935 1035
1818 1709
65 165
159 259
224 340
124 224
810 910
934 954
743 843
847 947
1590 1165
195 295
599 699
794 888
590 690
753 853
1343 1524
25 125
693 793
718 836
609 709
620 720
1229 1218
390 490
758 858
1148 1003
182 282
668 768
850 941
426 526
947 1047
1373 1546
574 674
796 896
1370 1280
47 147
52 152
99 205
635 735
947 1047
1582 1270
61 161
264 364
325 375
671 771
822 922
1493 1256
300 400
519 619
819 858
286 386
357 457
643 480
345 445
629 729
974 815
250 350
811 911
1061 1174
753 853
770 870
1523 914
112 212
453 553
565 719
435 535
805 905
1240 1421
402 502
798 898
1200 1135
287 387
911 1011
1198 1066
844 944
954 1054
1798 1219
839 939
887 987
1726 1393
95 195
310 410
405 493
310 410
770 870
1080 1070
500 600
605 705
1105 1031