415217 1800
606 706
870 970
1476 1660
216 316
743 843
959 864
353 453
732 832
1085 1130
323 423
902 1002
1225 1068
73 173
651 751
724 812
188 288
593 693
781 793
98 198
453 553
551 676
218 318
610 710
828 1007
47 147
526 626
573 727
151 251
846 946
997 1081
590 690
675 775
1265 926
354 454
807 907
1161 987
693 793
779 879
1472 972
459 559
733 833
1192 859
630 730
785 885
1415 948
249 349
998 1098
1247 1295
507 607
894 994
1401 1278
172 272
665 765
837 892
353 453
673 773
1026 784
358 458
435 535
793 626
163 263
504 604
667 817
228 328
691 791
919 889
73 173
598 698
671 850
137 237
835 935
972 1165
393 493
975 1075
1368 1212
31 131
294 394
325 427
162 262
900 1000
1062 1180
112 212
357 457
469 562
137 237
297 397
434 518
683 783
798 898
1481 1547
652 752
730 830
1382 1018
45 145
901 1001
946 1132
219 319
634 734
853 982
7 107
795 895
802 915
244 344
631 731
875 902
390 490
398 498
788 583
122 222
203 303
325 352
468 568
639 739
1107 881
192 292
599 699
791 708
180 280
393 493
573 647
427 527
598 698
1025 975
454 554
533 633
987 1166
491 591
949 1049
1440 1509
722 822
771 871
1493 1690
149 249
578 678
727 836
734 834
798 898
1532 1339
186 286
329 429
515 447
557 657
743 843
1300 1316
157 257
948 1048
1105 1082
530 630
787 887
1317 1022
359 459
722 822
1081 1211
245 345
711 811
956 892
290 390
783 883
1073 1271
94 194
259 359
353 469
227 327
278 378
505 542
40 140
149 249
189 265
350 450
596 696
946 1091
374 474
545 645
919 674
338 438
716 816
1054 887
567 667
890 990
1457 1329
813 913
970 1070
1783 1351
13 113
276 376
289 441
26 126
129 229
155 317
285 385
673 773
958 826
227 327
384 484
611 810
460 560
794 894
1254 1255
460 560
817 917
1277 1016
329 429
351 451
680 743
126 226
346 446
472 510
167 267
369 469
536 644
153 253
969 1069
1122 1138
158 258
631 731
789 773
466 566
944 1044
1410 1501
895 995
961 1061
1856 1501
490 590
721 821
1211 1090
533 633
763 863
1296 1003
151 251
675 775
826 885
475 575
556 656
1031 917
232 332
588 688
820 791
103 203
265 365
368 408
286 386
726 826
1012 828
94 194
422 522
516 618
201 301
540 640
741 832
668 768
939 1039
1607 1214
653 753
918 1018
1571 1339
142 242
196 296
338 511
667 767
707 807
1374 1230
70 170
999 1099
1069 1228
254 354
930 1030
1184 1252
145 245
799 899
944 909
382 482
621 721
1003 1047
93 193
119 219
212 261
172 272
252 352
424 471
24 124
583 683
607 704
230 330
519 619
749 711
197 297
653 753
850 815
133 233
302 402
435 499
231 331
417 517
648 564
153 253
857 957
1010 976
955 1055
1000 1100
1955 1826
413 513
650 750
1063 1026
122 222
419 519
541 527
217 317
256 356
473 629
380 480
520 620
900 636
298 398
691 791
989 974
371 471
682 782
1053 830
949 1049
995 1095
1944 1338
303 403
668 768
971 964
449 549
487 587
936 993
164 264
805 905
969 1114
741 841
859 959
1600 1709
142 242
846 946
988 952
209 309
217 317
426 342
205 305
253 353
458 484
655 755
685 785
1340 1433
433 533
913 1013
1346 1381
387 487
517 617
904 864
606 706
892 992
1498 1175
389 489
433 533
822 969
482 582
707 807
1189 1230
602 702
895 995
1497 1365
65 165
863 963
928 976
571 671
624 724
1195 1199
572 672
875 975
1447 1525
212 312
927 1027
1139 1112
638 738
999 1099
1637 1808
576 676
938 1038
1514 1287
59 159
946 1046
1005 1095
190 290
362 462
552 688
35 135
56 156
91 225
628 728
775 875
1403 933
701 801
969 1069
1670 1345
200 300
491 591
691 654
124 224
237 337
361 409
38 138
270 370
308 411
91 191
313 413
404 427
119 219
909 1009
1028 1016
6 106
643 743
649 807
375 475
563 663
938 1018
438 538
640 740
1078 741
580 680
949 1049
1529 1425
770 870
929 1029
1699 1299
103 203
488 588
591 686
34 134
357 457
391 460
414 514
543 643
957 849
769 869
792 892
1561 1749
206 306
384 484
590 688
326 426
591 691
917 911
9 109
271 371
280 438
446 546
477 577
923 774
790 890
908 1008
1698 1072
541 641
583 683
1124 1123
683 783
779 879
1462 1557
472 572
928 1028
1400 1319
40 140
502 602
542 681
15 115
857 957
872 1010
555 655
927 1027
1482 1488
723 823
857 957
1580 1025
263 363
844 944
1107 1125
218 318
591 691
809 807
231 331
416 516
647 575
156 256
992 1092
1148 1277
572 672
907 1007
1479 1596
381 481
963 1063
1344 1340
278 378
666 766
944 995
308 408
696 796
1004 856
345 445
440 540
785 913
470 570
485 585
955 717
666 766
893 993
1559 1220
15 115
846 946
861 1029
592 692
735 835
1327 1041
639 739
840 940
1479 1132
68 168
634 734
702 820
211 311
522 622
733 785
576 676
721 821
1297 1050
402 502
711 811
1113 1001
691 791
983 1083
1674 1497
166 266
377 477
543 488
573 673
792 892
1365 1523
268 368
882 982
1150 1022
427 527
784 884
1211 1365
354 454
647 747
1001 1007
233 333
312 412
545 663
272 372
643 743
915 749
85 185
714 814
799 959
123 223
997 1097
1120 1145
419 519
610 710
1029 735
3 103
503 603
506 609
849 949
924 1024
1773 1421
594 694
966 1066
1560 1594
491 591
621 721
1112 736
12 112
863 963
875 1043
185 285
226 326
411 461
36 136
122 222
158 334
742 842
753 853
1495 1011
429 529
604 704
1033 799
78 178
644 744
722 865
97 197
615 715
712 828
583 683
787 887
1370 1464
481 581
800 900
1281 1182
523 623
554 654
1077 673
636 736
660 760
1296 1064
331 431
845 945
1176 1213
457 557
816 916
1273 943
287 387
409 509
696 682
137 237
285 385
422 539
151 251
304 404
455 534
21 121
367 467
388 480
274 374
609 709
883 933
23 123
333 433
356 512
22 122
816 916
838 917
50 150
741 841
791 899
346 446
561 661
907 761
554 654
574 674
1128 962
947 1047
961 1061
1908 1791
387 487
517 617
904 765
456 556
626 726
1082 1253
538 638
845 945
1383 1207
155 255
252 352
407 550
406 506
653 753
1059 929
368 468
892 992
1260 1023
166 266
383 483
549 609
323 423
860 960
1183 977
572 672
786 886
1358 1179
357 457
476 576
833 633
408 508
583 683
991 1046
151 251
627 727
778 941
366 466
660 760
1026 808
640 740
975 1075
1615 1778
742 842
980 1080
1722 1842
243 343
979 1079
1222 1421
547 647
725 825
1272 888
675 775
707 807
1382 1558
413 513
990 1090
1403 1589
178 278
673 773
851 907
327 427
995 1095
1322 1201
24 124
115 215
139 333
132 232
147 247
279 385
486 586
850 950
1336 1363
252 352
730 830
982 867
307 407
653 753
960 776
443 543
813 913
1256 1329
138 238
513 613
651 835
64 164
376 476
440 509
307 407
571 671
878 858
562 662
597 697
1159 1147
81 181
554 654
635 775
688 788
983 1083
1671 1716
141 241
749 849
890 859
164 264
808 908
972 937
67 167
193 293
260 419
205 305
713 813
918 1050
288 388
839 939
1127 941
139 239
160 260
299 339
282 382
567 667
849 918
303 403
410 510
713 547
146 246
962 1062
1108 1167
86 186
533 633
619 711
105 205
963 1063
1068 1090
598 698
738 838
1336 1286
360 460
618 718
978 800
149 249
226 326
375 564
25 125
349 449
374 475
164 264
343 443
507 677
506 606
860 960
1366 1070
36 136
515 615
551 690
151 251
669 769
820 964
53 153
354 454
407 562
602 702
617 717
1219 1230
517 617
666 766
1183 1093
11 111
456 556
467 645
427 527
975 1075
1402 1368
244 344
305 405
549 748
355 455
820 920
1175 936
127 227
160 260
287 432
178 278
439 539
617 767
529 629
662 762
1191 1044
398 498
884 984
1282 1301
102 202
771 871
873 962
249 349
490 590
739 620
53 153
666 766
719 797
162 262
294 394
456 487
354 454
933 1033
1287 1457
491 591
857 957
1348 1072
395 495
474 574
869 917
114 214
419 519
533 611
590 690
701 801
1291 1431
25 125
635 735
660 749
553 653
920 1020
1473 1544
187 287
542 642
729 808
216 316
291 391
507 513
248 348
598 698
846 826
822 922
829 929
1651 1109
17 117
910 1010
927 1063
517 617
676 776
1193 938
173 273
598 698
771 856
228 328
975 1075
1203 1143
603 703
901 1001
1504 1223
584 684
882 982
1466 1635
419 519
754 854
1173 1279
244 344
939 1039
1183 1171
514 614
556 656
1070 922
426 526
662 762
1088 1247
396 496
770 870
1166 1158
218 318
999 1099
1217 1185
70 170
596 696
666 833
635 735
901 1001
1536 1205
252 352
619 719
871 824
298 398
317 417
615 594
258 358
502 602
760 618
79 179
96 196
175 226
178 278
449 549
627 645
8 108
298 398
306 481
96 196
638 738
734 744
734 834
808 908
1542 1435
460 560
919 1019
1379 1483
4 104
101 201
105 248
541 641
573 673
1114 1020
611 711
695 795
1306 1468
443 543
989 1089
1432 1207
228 328
336 436
564 588
175 275
346 446
521 650
154 254
782 882
936 1130
681 781
852 952
1533 1347
139 239
415 515
554 681
569 669
793 893
1362 900
616 716
721 821
1337 1275
13 113
454 554
467 661
299 399
738 838
1037 884
316 416
470 570
786 618
153 253
691 791
844 834
342 442
575 675
917 1090
131 231
894 994
1025 1068
114 214
325 425
439 508
269 369
965 1065
1234 1220
407 507
788 888
1195 971
575 675
795 895
1370 1060
52 152
379 479
431 621
436 536
900 1000
1336 1504
108 208
860 960
968 1122
613 713
864 964
1477 992
388 488
851 951
1239 1393
155 255
887 987
1042 1107
385 485
987 1087
1372 1445
114 214
360 460
474 519
368 468
621 721
989 904
268 368
807 907
1075 1045
383 483
724 824
1107 1196
497 597
681 781
1178 900
116 216
699 799
815 977
197 297
338 438
535 636
471 571
479 579
950 1072
88 188
851 951
939 1130
602 702
921 1021
1523 1256
465 565
585 685
1050 891
137 237
630 730
767 916
377 477
997 1097
1374 1416
354 454
603 703
957 1102
482 582
542 642
1024 654
281 381
973 1073
1254 1262
116 216
727 827
843 886
18 118
716 816
734 924
22 122
366 466
388 486
307 407
579 679
886 840
6 106
467 567
473 642
622 722
683 783
1305 1322
350 450
739 839
1089 1262
156 256
797 897
953 935
16 116
240 340
256 400
613 713
1000 1100
1613 1601
395 495
834 934
1229 1318
518 618
603 703
1121 1155
721 821
823 923
1544 1013
483 583
596 696
1079 707
560 660
907 1007
1467 1057
536 636
711 811
1247 1371
435 535
613 713
1048 798
661 761
745 845
1406 1028
110 210
895 995
1005 1099
90 190
235 335
325 413
595 695
606 706
1201 802
50 150
220 320
270 391
8 108
73 173
81 191
230 330
295 395
525 575
282 382
790 890
1072 1157
145 245
277 377
422 587
20 120
454 554
474 573
685 785
764 864
1449 1051
72 172
961 1061
1033 1215
193 293
802 902
995 952
266 366
897 997
1163 1131
62 162
724 824
786 837
310 410
522 622
832 785
53 153
326 426
379 571
65 165
999 1099
1064 1180
142 242
579 679
721 733
230 330
793 893
1023 1124
260 360
264 364
524 640
690 790
988 1088
1678 1357
414 514
492 592
906 925
95 195
798 898
893 924
450 550
603 703
1053 1112
59 159
165 265
224 398
10 110
146 246
156 306
98 198
791 891
889 1032
102 202
147 247
249 434
5 105
44 144
49 239
525 625
767 867
1292 1257
734 834
885 985
1619 1564
8 108
856 956
864 1054
94 194
287 387
381 536
31 131
98 198
129 230
296 396
988 1088
1284 1251
166 266
552 652
718 749
624 724
961 1061
1585 1459
248 348
758 858
1006 1052
333 433
958 1058
1291 1177
259 359
951 1051
1210 1104
272 372
327 427
599 588
318 418
630 730
948 763
162 262
518 618
680 693
154 254
832 932
986 942
31 131
405 505
436 527
553 653
933 1033
1486 1301
269 369
405 505
674 543
159 259
899 999
1058 1116
621 721
991 1091
1612 1615
573 673
792 892
1365 1324
9 109
160 260
169 279
84 184
102 202
186 223
367 467
889 989
1256 1385
877 977
941 1041
1818 1918
559 659
966 1066
1525 1651
105 205
485 585
590 735
5 105
90 190
95 197
552 652
969 1069
1521 1125
46 146
464 564
510 703
493 593
848 948
1341 1094
586 686
731 831
1317 961
556 656
989 1089
1545 1575
98 198
378 478
476 488
85 185
535 635
620 770
37 137
286 386
323 508
32 132
46 146
78 149
418 518
588 688
1006 866
905 1005
960 1060
1865 1724
183 283
735 835
918 932
295 395
945 1045
1240 1200
42 142
722 822
764 827
589 689
828 928
1417 975
363 463
991 1091
1354 1233
170 270
696 796
866 821
404 504
833 933
1237 1133
443 543
767 867
1210 1087
125 225
934 1034
1059 1173
110 210
135 235
245 355
516 616
830 930
1346 1260
384 484
883 983
1267 1385
408 508
819 919
1227 1051
210 310
857 957
1067 1133
168 268
937 1037
1105 1277
5 105
372 472
377 555
360 460
952 1052
1312 1345
228 328
625 725
853 804
615 715
861 961
1476 1575
93 193
812 912
905 1000
83 183
306 406
389 496
622 722
881 981
1503 1013
23 123
227 327
250 392
427 527
591 691
1018 863
783 883
855 955
1638 1493
48 148
232 332
280 367
569 669
747 847
1316 1061
352 452
448 548
800 610
293 393
605 705
898 720
269 369
359 459
628 771
512 612
858 958
1370 1491
321 421
394 494
715 736
14 114
558 658
572 714
62 162
591 691
653 769
617 717
762 862
1379 1449
531 631
647 747
1178 1020
249 349
367 467
616 631
392 492
727 827
1119 1312
664 764
854 954
1518 1380
326 426
492 592
818 790
682 782
755 855
1437 1600
712 812
730 830
1442 1515
415 515
807 907
1222 962
694 794
885 985
1579 1247
228 328
387 487
615 777
338 438
544 644
882 652
140 240
990 1090
1130 1249
222 322
277 377
499 434
112 212
811 911
923 1019
650 750
968 1068
1618 1722
347 447
808 908
1155 1231
187 287
510 610
697 737
370 470
690 790
1060 1002
628 728
775 875
1403 1209
180 280
333 433
513 572
80 180
228 328
308 426
349 449
925 1025
1274 1351
493 593
990 1090
1483 1220
518 618
960 1060
1478 1357
26 126
824 924
850 1042
306 406
414 514
720 573
579 679
671 771
1250 788
746 846
976 1076
1722 1367
387 487
856 956
1243 1072
363 463
406 506
769 752
766 866
782 882
1548 1033
678 778
849 949
1527 1454
128 228
429 529
557 623
427 527
641 741
1068 1138
464 564
787 887
1251 894
740 840
929 1029
1669 1788
8 108
478 578
486 625
760 860
855 955
1615 1132
331 431
544 644
875 1019
71 171
942 1042
1013 1143
907 1007
972 1072
1879 1439
3 103
801 901
804 907
573 673
968 1068
1541 1716
526 626
864 964
1390 981
531 631
593 693
1124 1019
304 404
984 1084
1288 1392
293 393
984 1084
1277 1131
172 272
422 522
594 550
215 315
782 882
997 977
150 250
563 663
713 758
106 206
492 592
598 795
197 297
662 762
859 885
62 162
212 312
274 428
696 796
955 1055
1651 1654
310 410
500 600
810 728
22 122
370 470
392 567
57 157
126 226
183 360
22 122
469 569
491 644
659 759
929 1029
1588 1635
137 237
266 366
403 504
8 108
565 665
573 730
70 170
153 253
223 331
327 427
798 898
1125 1251
172 272
919 1019
1091 1194
143 243
603 703
746 932
689 789
784 884
1473 1514
393 493
474 574
867 817
351 451
707 807
1058 1160
489 589
821 921
1310 1100
726 826
954 1054
1680 1338
384 484
583 683
967 942
64 164
386 486
450 605
480 580
990 1090
1470 1448
693 793
818 918
1511 1274
779 879
857 957
1636 1200
383 483
987 1087
1370 1549
193 293
247 347
440 370
245 345
336 436
581 625
139 239
690 790
829 807
113 213
369 469
482 498
12 112
705 805
717 836
9 109
547 647
556 706
825 925
843 943
1668 1545
84 184
961 1061
1045 1230
234 334
489 589
723 854
291 391
505 605
796 927
47 147
861 961
908 1014
480 580
642 742
1122 1078
617 717
704 804
1321 981
48 148
879 979
927 1015
249 349
407 507
656 652
84 184
454 554
538 585
707 807
889 989
1596 1213
206 306
341 441
547 538
208 308
403 503
611 670
316 416
323 423
639 492
128 228
413 513
541 676
56 156
293 393
349 404
359 459
968 1068
1327 1368
63 163
865 965
928 977
658 758
863 963
1521 1563
492 592
636 736
1128 832
771 871
981 1081
1752 1378
146 246
533 633
679 864
759 859
889 989
1648 1395
90 190
513 613
603 697
94 194
241 341
335 501
153 253
268 368
421 426
431 531
826 926
1257 1200
17 117
784 884
801 948
744 844
832 932
1576 1774
97 197
904 1004
1001 1183
338 438
927 1027
1265 1370
124 224
140 240
264 246
147 247
442 542
589 770
286 386
872 972
1158 1278
21 121
946 1046
967 1047
229 329
751 851
980 1078
289 389
673 773
962 1028